25002 a 1 1,-1,0,147,-9307 0 3,0 a 0,0 3,0 a 0,0 0,0 0,0 0,0,0 0,0 0,0 0,0 0,0,0 0,0 0,0 0,0 0,0 0,0 
25002 b 1 1,-1,1,16,339 0 3,0 a 1,0 3,0 a 1,0 1,0 1,0 1,1,0 1,0 1,0 1,0 1,1,0 1,0 1,0 1,0 1,0 1,0 
25004 a 1 0,0,0,-5900,-145203 7 a 1,0 0,0 1,0 a 0,0,0 6,6,0 
25004 a 2 0,0,0,-89935,-10380666 7 a 1,0 0,0 1,0 a 0,0,0 6,6,0 
25004 b 1 0,-1,0,76,-104 0 a 2,0 2,0 2,0 a 1,0 1,0 2,0 1,0 1,0 1,1,0 2,0 3,0 1,0 1,0 1,0 1,0 1,0 2,0 
25008 a 1 0,-1,0,-924,-10512 0 a 1,0 1,0 a 1,0 1,0 1,0 1,0 1,0 1,0 1,0 1,0 1,0 1,0 1,0 1,0 1,1,0 1,1,0 
25008 b 1 0,1,0,-19,-40 0 a 1,0 0,0 a 1,0 0,0 0,0 0,0 2,0 0,0 0,0 0,0 0,0,0 0,0 2,0 0,0 0,0 0,0,0 
25008 c 1 0,1,0,136,1572 0 a 5,0 2,0 a 5,0 2,0 2,0 6,2,0 2,0 2,0 2,0 2,0 2,0 2,0 2,0 2,0 2,0 2,0 
25008 d 1 0,1,0,-48,1332 0 a 2,0 2,0 a 2,0 1,3,0 1,0 1,0 1,0 1,0 1,0 1,0 1,1,0 1,0 1,0 1,0 1,0 1,0 
25008 e 1 0,-1,0,48,192 0 a 1,0 2,0 a 1,0 1,0 1,1,0 3,1,0 1,0 1,0 1,0 1,0 1,0 1,0 1,0 1,0 1,0 1,0 
25008 f 1 0,-1,0,-7024,71104 0 a 1,0 2,0 a 1,0 1,0 1,0 1,0 1,0 1,0 1,0 1,0 1,0 1,1,0 1,0 1,0 1,0 1,0 
25008 f 2 0,-1,0,-88944,10229184 0 a 1,0 2,0 a 1,0 1,0 1,0 1,0 1,0 1,0 1,0 1,0 1,0 1,1,0 1,0 1,0 1,0 1,0 
25008 f 3 0,-1,0,-65904,15629760 0 a 1,0 2,0 a 1,0 1,0 1,0 1,0 1,0 1,0 1,0 1,0 1,0 1,1,0 1,0 1,0 1,0 1,0 
25008 f 4 0,-1,0,-1422704,653635008 0 a 1,0 2,0 a 1,0 1,0 1,0 1,0 1,0 1,0 1,0 1,0 1,0 1,1,0 1,0 1,0 1,0 1,0 
25008 g 1 0,-1,0,-59760,-5603904 0 a 1,0 2,0 a 1,0 3,0 1,0 1,0 1,0 1,0 1,1,0 1,0 1,1,0 1,0 1,0 1,0 1,0 1,0 
25008 g 2 0,-1,0,353520,2339136 0 a 1,0 2,0 a 1,0 3,0 1,0 1,0 1,0 1,0 1,1,0 1,0 1,1,0 1,0 1,0 1,0 1,0 1,0 
25008 h 1 0,1,0,-433,-4078 0 a 2,0 1,0 a 2,0 1,1,0 1,0 11,0 1,0 1,0 1,1,0 1,0 1,0 1,0 1,0 5,0 1,0 1,0 
25008 i 1 0,1,0,7,6 0 a 1,0 1,0 a 1,0 0,0,0 0,0 0,0 2,0 0,0 0,0 0,0 0,0 0,0 0,0 2,0 0,0 0,0 
25009 a 1 1,1,0,954,1057 0 1,0 1,0 4,0 1,0 1,0 1,1,0 1,0 1,0 3,0 1,0 1,0 1,0 1,0 1,0 1,1,0 1,0 1,0 
25010 a 1 1,-1,0,-918230,338323700 0 4,0 3,0 1,0 1,0 4,0 1,1,0 3,0 1,0 1,0 1,0 1,0 1,0 1,0 1,0 1,0 1,0 1,0 1,0 1,1,0 
25010 a 2 1,-1,0,-1230550,88405236 0 4,1 3,0 1,0 1,0 4,1 1,1,0 3,0 1,0 1,0 1,0 1,0 1,0 1,0 1,0 1,0 1,0 1,0 1,0 1,1,0 
25010 b 1 1,0,1,-2259,41166 5 2,0 0,0 0,0 1,0 2,0 4,0 
25010 b 2 1,0,1,2926,190372 5 2,0 0,0 0,0 1,0 2,0 4,1 
25010 c 1 1,0,1,-1034,6396 0 2,0 1,0 2,0 2,0 2,0 1,0 1,0 1,0 1,0 1,0 1,0 1,0 1,1,0 1,0 1,0 1,0 2,0 1,0 1,0 
25010 c 2 1,0,1,-14154,646652 0 2,0 1,0 2,0 2,0 2,0 1,0 1,0 1,0 1,0 1,0 1,0 1,0 1,1,0 1,0 1,0 1,0 2,0 1,0 1,0 
25010 d 1 1,-1,1,-103,-113 0 4,0 2,0 2,0 2,0 4,0 2,2,0 2,0 2,0 2,0 2,0 2,0 2,0 2,0 2,0 2,0 2,0 2,0 2,2,0 2,2,0 
25010 d 2 1,-1,1,-1323,-18169 0 4,1 2,0 2,0 2,0 4,1 2,2,0 2,0 2,0 2,0 2,0 2,0 2,0 2,0 2,0 2,0 2,0 2,0 2,2,0 2,2,0 
25010 e 1 1,0,0,-6,-10 0 2,0 0,0 0,0 0,0 2,0 2,0 0,0 0,0 0,0 0,0 0,0,0 0,0 0,0 0,0 0,0 0,0 0,0 0,0 0,0 
25010 f 1 1,1,1,-19845,516107 0 2,0 2,0 1,0 1,0 2,0 1,0 2,0 3,0 1,0 1,0 1,1,0 3,0 1,0 1,0 1,0 1,0 1,0 1,0 1,0 
25010 f 2 1,1,1,-269845,53816107 0 2,0 2,0 1,0 1,0 2,0 1,0 2,0 3,0 1,0 1,0 1,1,0 3,0 1,0 1,0 1,0 1,0 1,0 1,0 1,0 
25011 a 1 1,-1,0,-76587,8177120 0 a 4,0 2,0 1,0 a 1,3,0 4,0 1,0 1,0 1,1,0 1,0 1,0 1,1,0 1,0 1,0 1,1,0 1,0 1,0 
25011 a 2 1,-1,0,-76452,8207279 0 a 4,0 2,0 1,1 a 1,3,0 4,0 1,0 1,0 1,1,0 1,0 1,0 1,1,0 1,0 1,0 1,1,0 1,0 1,0 
25011 b 1 1,-1,1,-8510,-300020 0 a 4,0 2,0 1,0 a 1,1,0 4,0 1,0 1,0 1,1,0 1,0 1,0 1,1,0 1,0 1,0 1,1,0 1,0 1,0 
25011 b 2 1,-1,1,-8495,-301142 0 a 4,0 2,0 1,1 a 1,1,0 4,0 1,0 1,0 1,1,0 1,0 1,0 1,1,0 1,0 1,0 1,1,0 1,0 1,0 
25011 c 1 0,0,1,9,479 0 a 1,0 1,0 4,3,0 a 0,0 1,0 0,0 0,0 0,0 0,0 0,0 0,0 0,0 0,0 0,0 0,0 0,0 
25012 a 1 0,-1,0,-901,-1327 0 a a 0,0 a 0,0 0,0 0,0 0,0 a 0,0 0,0 0,0 0,0 0,0 0,0 0,0 0,0 0,0 
25012 b 1 0,0,0,-6760,-166972 0 a a 0,0 a 2,6,0 0,0,0 0,0 0,0 a 0,0 0,0,0 0,0 0,0 0,0 0,0 0,0 0,0 0,0 
25014 a 1 1,1,0,-7722,-240300 0 1,0 1,0 3,0 1,0 1,0 1,0 1,0 3,0 3,0 1,0 1,0 1,0 1,0 1,0 1,0 1,0 1,3,0 1,0 1,0 
25014 a 2 1,1,0,-120362,-16122540 0 1,1 1,0 3,0 1,0 1,1 1,0 1,0 3,0 3,0 1,0 1,0 1,0 1,0 1,0 1,0 1,0 1,3,0 1,0 1,0 
25014 b 1 1,1,0,-7034,224160 3 1,0 0,0 1,0 0,0 1,0 
25014 b 2 1,1,0,-7024,224842 3 1,1 0,0 1,0 0,0 1,1 
25014 c 1 1,0,1,-375,-1526 5 1,0 1,0 0,0 0,0 1,0 1,0 
25014 c 2 1,0,1,-2795,55586 5 1,0 1,0 0,0 0,0 1,0 1,0 
25014 c 3 1,0,1,175,168446 5 1,1 1,0 0,0 0,0 1,1 1,0 
25014 c 4 1,0,1,-44485,3607574 5 1,0 1,0 0,0 0,0 1,0 1,0 
25014 d 1 1,0,1,-450033,-92221808 5 1,0 1,0 0,0 0,0 1,0 1,0 
25014 d 2 1,0,1,986377,-560491468 5 1,1 1,0 0,0 0,0 1,1 1,0 
25014 e 1 1,0,1,58975,-90921580 0 3,0 12,0 1,0 2,0 3,0 12,0 1,0 1,0 1,0 1,0 1,1,0 1,0 1,0 1,0 1,0 1,0 1,0 1,0 1,0 
25014 e 2 1,0,1,-13602080,-19313468818 0 3,0 12,1 1,0 2,0 3,0 12,1 1,0 1,0 1,0 1,0 1,1,0 1,0 1,0 1,0 1,0 1,0 1,0 1,0 1,0 
25014 f 1 1,0,1,4,-10 0 1,0 2,0 2,0 1,0 1,0 2,0 1,3,0 1,0 2,0 3,0 1,0 1,1,0 1,0 1,1,0 1,0 1,0 1,0 1,0 1,0 
25014 g 1 1,0,1,-331,1526 0 1,0 2,0 2,0 1,0 1,0 2,0 5,1,0 1,0 2,0 1,0 3,0 1,0 1,0 1,0 1,0 1,0 1,0 1,0 1,1,0 
25014 g 2 1,0,1,-2091,-35786 0 1,1 2,0 2,0 1,0 1,1 2,0 5,1,0 1,0 2,0 1,0 3,0 1,0 1,0 1,0 1,0 1,0 1,0 1,0 1,1,0 
25014 h 1 1,0,1,-7377,-242780 0 1,0 4,0 2,0 1,0 1,0 4,0 1,0 1,1,0 2,0 1,0 1,0 1,1,0 1,1,0 1,0 1,0 1,0 1,0 1,0 1,0 
25014 h 2 1,0,1,-12497,136100 0 1,0 4,0 2,0 1,0 1,0 4,0 1,0 1,1,0 2,0 1,0 1,0 1,1,0 1,1,0 1,0 1,0 1,0 1,0 1,0 1,0 
25014 h 3 1,0,1,48143,1082084 0 1,1 4,0 2,0 1,0 1,1 4,0 1,0 1,1,0 2,0 1,0 1,0 1,1,0 1,1,0 1,0 1,0 1,0 1,0 1,0 1,0 
25014 h 4 1,0,1,-155057,23458916 0 1,0 4,0 2,0 1,0 1,0 4,0 1,0 1,1,0 2,0 1,0 1,0 1,1,0 1,1,0 1,0 1,0 1,0 1,0 1,0 1,0 
25014 i 1 1,0,0,-5117729,-4456551351 0 5,0 4,0 1,0 1,0 5,0 4,0 3,0 1,0 1,0 1,0 3,0 1,0 1,1,0 1,0 1,0 1,0 1,0 1,0 1,0 
25014 i 2 1,0,0,-4953889,-4755166135 0 5,1 4,0 1,0 1,0 5,1 4,0 3,0 1,0 1,0 1,0 3,0 1,0 1,1,0 1,0 1,0 1,0 1,0 1,0 1,0 
25014 j 1 1,0,0,-2022,34788 3 1,0 5,0 1,0 0,0 1,0 
25014 j 2 1,0,0,-32342,2236020 3 1,0 5,0 1,0 0,0 1,0 
25014 k 1 1,0,0,5615,-94039 7 1,0 5,0 1,0 0,0 1,0 5,0 4,0 
25014 k 2 1,0,0,-876805,-316088179 7 1,0 5,0 1,0 0,0 1,0 5,0 4,1 
25014 l 1 1,0,0,-165,1089 0 3,0 2,0 2,0 2,0 3,0 2,0 1,0 3,1,0 2,0 1,0 1,0 1,0 1,0 1,0 1,0 1,0 1,0 1,0 1,0 
25014 m 1 1,0,0,6885,621009 0 3,0 2,0 2,0 2,0 3,0 2,0 1,0 1,0 2,0 1,0 1,0 1,0 1,0 1,1,0 1,0 3,0 1,0 1,0 1,0 
25014 n 1 1,0,0,-69194871,220263688233 0 3,0 2,0 2,0 2,0 3,0 2,0 1,0 1,0 2,0 1,0 1,0 1,0 1,0 1,0 1,0 3,0 1,0 1,0 1,0 
25014 n 2 1,0,0,-27251831,484630669353 0 3,1 2,0 2,0 2,0 3,1 2,0 1,0 1,0 2,0 1,0 1,0 1,0 1,0 1,0 1,0 3,0 1,0 1,0 1,0 
25015 a 1 1,1,0,13,4 0 2,0 o? 2,0 1,0 2,0 1,3,0 1,0 1,0 1,0 1,0 1,0 1,0 1,0 1,0 1,0 1,0 1,0 
25016 a 1 0,-1,0,-67584,-7410772 0 a 1,0 1,0 a 0,0 2,0 0,0 0,0 0,0 0,0 0,0 0,0 0,0 0,0,0 0,0 0,0 0,0 0,0 
25016 b 1 0,-1,0,-16,33 0 a 1,0 1,0 a 0,0 0,0 0,0 0,0 0,0,0 0,0 0,0 0,0 2,0 0,0 0,0,0 0,0 0,0 0,0 
25017 a 1 0,1,1,8,-8 0 3,0 2,0 2,0 3,2,0 3,0 2,0 2,0 2,0 2,0 2,0 2,0 4,2,0 2,0 2,0 2,0 2,0 2,0 2,0 
25019 a 1 0,-1,1,-197,1129 0 0,0 1,0 32,33,0 0,0 0,0 0,0 0,0 0,0 0,0 0,0 0,0 0,0 0,0 0,0 0,0 0,0 0,0 
25019 b 1 0,-1,1,-1934,-30236 0 0,0 1,0 32,33,0 0,0 0,0 2,0 0,0 0,0 0,0,0 0,0 0,0 0,0 0,0 0,0 0,0 2,0 0,0 
25019 c 1 0,0,1,-10748,-428884 0 2,0 4,0 32,33,0 3,1,0 3,0 3,0 1,0 1,1,0 1,0 1,0 3,0 1,0 1,0 1,0 1,0 1,0 1,0 
25020 a 1 0,0,0,177,19078 0 a a 0,0 1,0 a a 0,0 0,0 0,0 0,0 0,0 0,0 0,0 0,0 0,0,0 0,0 0,0 2,0 0,0 
25020 b 1 0,0,0,-93,-767 0 a a 0,0 1,0 a a 0,0 0,0 0,0 0,0 0,0 0,0 0,0 0,0 0,0 0,0 0,0 0,0 0,0,0 
25020 b 2 0,0,0,807,16873 0 a a 0,0 1,0 a a 0,0 0,0 0,0 0,0 0,0 0,0 0,0 0,0 0,0 0,0 0,0 0,0 0,0,0 
25020 c 1 0,0,0,-1632,20801 5 a a 1,0 0,0 a a 
25020 c 2 0,0,0,-7887,-250666 5 a a 1,0 0,0 a a 
25020 d 1 0,0,0,-6087,190334 0 a a 7,0 2,0 a a 7,0 2,0 2,0 2,0 2,0 4,0 2,0 2,0 2,0 2,0 2,2,0 2,0 2,0 
25020 e 1 0,0,0,-176412,-5091559 0 a a 2,0 2,0 a a 2,0 1,0 1,1,0 1,0 1,0 1,0 1,0 1,0 1,0 3,0 1,0 1,0 1,0 
25020 e 2 0,0,0,693033,-40391026 0 a a 2,0 2,0 a a 2,0 1,0 1,1,0 1,0 1,0 1,0 1,0 1,0 1,0 3,0 1,0 1,0 1,0 
25020 f 1 0,0,0,-237,-1411 0 a a 4,0 2,0 a a 4,0 1,0 1,0 1,1,0 1,0 1,0 1,0 1,0 1,0 1,0 1,0 1,0 1,0 
25020 g 1 0,0,0,-623487,190991734 0 a a 2,0 2,0 a a 2,0 1,0 1,0 1,0 1,0 1,0 1,0 1,0 1,0 1,0 1,1,0 1,0 1,0 
25020 g 2 0,0,0,-50613447,138594816286 0 a a 2,0 2,0 a a 2,0 1,0 1,0 1,0 1,0 1,0 1,0 1,0 1,0 1,0 1,1,0 1,0 1,0 
25020 h 1 0,0,0,-3792,-86551 0 a a 4,0 2,0 a a 4,0 1,0 1,0 1,0 1,1,0 1,0 1,0 1,0 1,0 1,0 1,0 1,0 1,0 
25020 h 2 0,0,0,-10047,272486 0 a a 4,0 2,0 a a 4,0 1,0 1,0 1,0 1,1,0 1,0 1,0 1,0 1,0 1,0 1,0 1,0 1,0 
25021 a 1 0,1,1,-136,567 0 0,0 1,0 0,1,0 4,0 0,0 0,0 0,0 0,0 0,0 0,0 0,0 0,0 0,0 0,0 0,0 2,0 0,0 
25024 a 1 0,-1,0,-3841,-90367 0 a 1,0 1,0 a 1,0 1,0 1,0 1,0 1,0 1,0 1,0 1,0 1,0 1,0 1,0 1,0 1,0 1,0 
25024 b 1 0,-1,0,-6345793,-6150740415 0 a 1,0 1,0 a 1,0 1,3,0 3,0 1,0 1,0 1,0 1,0 1,0 1,0 1,0 1,0 1,0 1,1,0 1,1,0 
25024 b 2 0,-1,0,-6386753,-6067272127 0 a 1,0 1,0 a 1,0 1,3,0 3,0 1,0 1,0 1,0 1,0 1,0 1,0 1,0 1,0 1,0 1,1,0 1,1,0 
25024 c 1 0,-1,0,351,2849 0 a 1,0 1,0 a 1,0 1,0 1,1,0 1,1,0 3,0 1,0 1,0 1,0 1,0 1,0 1,0 1,0 1,0 1,0 
25024 c 2 0,-1,0,-2209,29985 0 a 1,0 1,0 a 1,0 1,0 1,1,0 1,1,0 3,0 1,0 1,0 1,0 1,0 1,0 1,0 1,0 1,0 1,0 
25024 d 1 0,0,0,-1780,-28984 0 a 1,0 3,0 a 5,1,0 1,1,0 1,0 1,0 1,0 1,0 1,0 3,0 1,0 1,0 1,0 1,0 1,0 1,0 
