20001 a 1 1,1,1,-19,-46 0 1,0 1,0 1,0 2,0 1,0 1,0 1,0 1,3,0 3,0 1,0 1,0 1,0 1,0 1,1,0 1,0 1,0 1,0 1,1,0 
20001 b 1 0,-1,1,-221,-1195 0 0,0 0,0 1,0 1,2,0 0,0 0,0 0,0,0 0,0 0,0 0,0 0,0,0 0,0,0 2,0 0,0 0,0 0,0,0 0,0 0,0 
20001 c 1 1,0,1,-2651,52265 11 3,0 0,0 0,0 4,0 3,0 0,0,0 2,0 
20001 c 2 1,0,1,-2086,75317 11 3,0 0,0 0,0 4,1 3,0 0,0,0 2,0 
20002 a 1 1,-1,0,193,-1747 0 6,0 3,0 2,0 6,0 4,4,0 2,4,0 2,0 2,0 2,0 2,0 2,0 2,0 2,0 2,0 2,0 2,0 2,0 2,0 
20002 b 1 1,-1,1,-214,1253 3 2,0 1,0 1,0 2,0 
20002 b 2 1,-1,1,-294,293 3 2,1 1,0 1,0 2,1 
20002 b 3 1,-1,1,-3034,-63275 3 2,2 1,0 1,0 2,2 
20002 b 4 1,-1,1,1166,1461 3 2,2 1,0 1,0 2,2 
20002 c 1 1,0,0,-138,1060 0 6,0 3,0 3,0 6,0 2,0 2,4,0 2,0 2,0 2,0 2,0 2,0 2,0 2,0 2,0 2,0 2,0 2,0 2,0 
20003 a 1 0,-1,1,-8,-9 0 0,0 1,0 0,1,0 0,0 0,0,0 0,0 0,0 0,0 0,0 0,0 0,0 0,0 0,0 0,0 0,0 0,0 0,0 
20004 a 1 0,-1,0,-530885,-149233554 5 a 2,0 0,0 a 2,0 
20004 a 2 0,-1,0,-8502500,-9539796024 5 a 2,0 0,0 a 2,0 
20005 a 1 1,0,0,-75,232 0 2,0 o? 5,0 1,0 2,0 1,1,0 3,0 1,0 1,0 1,0 1,0 1,0 1,0 1,0 1,0 1,0 1,0 
20005 a 2 1,0,0,50,957 0 2,0 o? 5,1 1,0 2,0 1,1,0 3,0 1,0 1,0 1,0 1,0 1,0 1,0 1,0 1,0 1,0 1,0 
20006 a 1 1,0,1,-60621,5851976 0 1,0 1,0 o? 1,0 7,0 1,1,0 1,0 1,0 1,0 1,0 1,0 1,0 1,0 1,0 1,0 1,1,0 1,1,0 1,0 
20006 a 2 1,0,1,-975181,370578504 0 1,0 1,0 o? 1,0 7,0 1,1,0 1,0 1,0 1,0 1,0 1,0 1,0 1,0 1,0 1,0 1,1,0 1,1,0 1,0 
20006 b 1 1,0,1,-60,-646 0 5,0 1,0 0,0 5,0 2,0 0,0 1,0 0,0 0,0 0,0 0,0 0,0 0,0 0,0 0,0 0,0 0,0 0,0 
20006 c 1 1,-1,0,-239,-1363 0 5,0 4,0 o? 5,0 1,1,0 1,0 4,0 1,1,0 1,0 1,0 1,0 1,0 1,0 1,0 1,0 1,0 1,0 1,0 
20007 a 1 0,0,1,-426,3399 0 a 1,0 1,0 3,2,0 a 1,0 1,0 1,0 1,0 1,0 1,0 1,0 1,0 3,0 1,0 1,0 1,0 1,0 
20007 b 1 0,0,1,-3834,-91780 0 a 1,0 1,0 3,2,0 a 1,0 1,0 1,0 1,0 1,0 1,0 1,0 1,0 1,0 1,0 1,0 3,0 1,0 
20007 c 1 1,-1,0,54,267 0 a 1,0 1,0 2,0 a 5,0 1,0 1,0 1,0 1,0 1,0 1,0 1,0 1,0 1,1,0 1,1,0 1,0 1,0 
20007 d 1 1,-1,0,-9,-6 0 a 1,0 1,0 8,0 a 1,0 3,0 1,0 1,0 1,0 1,0 1,0 3,0 1,0 1,0 1,0 1,0 1,0 
20007 e 1 1,-1,1,484,-7694 0 a 1,0 1,0 2,0 a 1,0 1,0 1,0 1,0 1,0 1,0 1,0 1,0 1,0 1,1,0 1,1,0 1,0 1,0 
20007 f 1 0,0,1,-4125,78429 0 a 1,0 1,0 1,2,0 a 1,1,0 1,0 1,1,0 1,0 3,0 1,0 1,0 1,0 1,0 1,0 1,0 1,0 1,0 
20007 g 1 0,0,1,87,-65 0 a 0,0 1,0 1,2,0 a 0,0 0,0,0 0,0 0,0 0,0 1,0 0,0 0,0,0 0,0 0,0 0,0 2,0 0,0 
20007 h 1 0,0,1,-129,19 0 a 0,0 1,0 9,4,0 a 0,0 0,0,0 0,0,0 0,0 0,0 1,0 0,0 0,0 0,0 0,0 0,0 0,0 0,0 
20007 i 1 0,0,1,783,1748 0 a 0,0 1,0 1,2,0 a 2,0 0,0,0 0,0 0,0 0,0 1,0 0,0 0,0,0 0,0 0,0 0,0 2,0 0,0 
20007 j 1 1,-1,1,-83,244 0 a 0,0 0,0 6,0 a 0,0 0,0 0,0 0,0 0,0 0,0 0,0 0,0 0,0 0,0 0,0 0,0 0,0 
20007 k 1 0,0,1,-37125,-2117590 0 a 0,0 0,0 1,2,0 a 0,0,0 0,0 0,0,0 0,0 0,0 0,0 0,0 0,0 0,0 0,0 0,0 0,0 0,0 
20007 l 1 0,0,1,-1161,-520 0 a 1,0 4,0 1,2,0 a 1,0 1,1,0 1,3,0 1,0 1,0 4,0 1,0 1,0 1,0 1,0 1,0 1,0 3,0 
20008 a 1 0,1,0,-361,2523 0 a 2,0 2,0 a 1,0 1,0 1,1,0 1,0 1,0 1,0 1,0 1,0 1,0 1,0 1,0 2,0 1,0 1,0 
20008 b 1 0,0,0,-34,45 3 a 0,0 0,0 a 
20008 b 2 0,0,0,-239,-1390 3 a 0,0 0,0 a 
20009 a 1 0,-1,1,11,-22 0 2,0 1,0 2,0 1,2,0 1,0 1,0 1,0 2,0 1,0 1,0 1,0 3,0 1,1,0 1,0 1,0 1,0 1,0 1,0 
20010 a 1 1,1,0,-27193,1716133 0 3,0 5,0 3,0 1,0 1,0 3,0 5,0 3,0 1,0 1,0 1,0 1,0 1,0 1,0 1,0 1,0 1,0 1,0 1,0 1,0 
20010 b 1 1,1,0,2675192,5892490048 3 3,0 0,0 0,0 0,0 1,0 3,0 
20010 b 2 1,1,0,-37137928,79873229632 3 3,0 0,0 0,0 0,0 1,0 3,0 
20010 c 1 1,1,0,-39982,-3093836 5 3,0 2,0 3,0 0,0 0,0 3,0 2,0 
20010 c 2 1,1,0,-40462,-3016364 5 3,0 2,0 3,0 0,0 0,0 3,0 2,0 
20010 d 1 1,1,0,-2,6 0 3,0 1,0 2,0 2,0 1,0 3,0 1,0 2,0 1,0 1,1,0 3,0 1,0 1,0 2,0 1,0 3,0 1,0 1,0 1,0 1,0 
20010 e 1 1,1,0,-222,-9216 0 3,0 3,0 2,0 6,0 1,0 3,0 3,0 2,0 3,0 1,1,0 1,0 1,0 1,0 6,0 1,0 1,0 1,0 1,0 1,0 1,0 
20010 e 2 1,1,0,-8052,-280134 0 3,0 3,0 2,0 6,0 1,0 3,0 3,0 2,0 3,0 1,1,0 1,0 1,0 1,0 6,0 1,0 1,0 1,0 1,0 1,0 1,0 
20010 f 1 1,1,0,-10960814152,441680111822656 0 3,0 1,0 2,0 2,0 1,0 3,0 1,0 2,0 3,0 1,1,0 1,0 1,0 1,0 2,0 1,0 1,0 1,0 1,0 1,0 1,0 
20010 g 1 1,1,0,38,-236 0 3,0 1,0 2,0 2,0 1,0 3,0 1,0 2,0 1,0 1,1,0 1,0 1,0 1,0 2,0 1,0 1,0 1,0 1,1,0 1,0 1,0 
20010 g 2 1,1,0,-442,-3404 0 3,0 1,0 2,0 2,0 1,0 3,0 1,0 2,0 1,0 1,1,0 1,0 1,0 1,0 2,0 1,0 1,0 1,0 1,1,0 1,0 1,0 
20010 h 1 1,0,1,-784,8702 0 3,0 2,0 1,0 1,0 2,0 3,0 2,0 1,0 1,0 1,1,0 3,0 1,0 1,0 1,0 2,0 1,0 1,0 1,0 1,0 1,0 
20010 h 2 1,0,1,4001,23666 0 3,0 2,1 1,0 1,0 2,0 3,0 2,1 1,0 1,0 1,1,0 3,0 1,0 1,0 1,0 2,0 1,0 1,0 1,0 1,0 1,0 
20010 i 1 1,0,1,-40599,3142522 0 3,0 4,0 1,0 3,0 2,0 3,0 4,0 1,0 1,0 1,0 1,0 1,0 1,0 3,0 2,0 1,0 1,0 1,0 1,0 1,0 
20010 i 2 1,0,1,-50319,1521226 0 3,1 4,0 1,0 3,0 2,0 3,1 4,0 1,0 1,0 1,0 1,0 1,0 1,0 3,0 2,0 1,0 1,0 1,0 1,0 1,0 
20010 j 1 1,0,1,51,52 0 3,0 2,0 1,0 1,0 2,0 3,0 2,0 1,0 1,0 1,1,0 1,0 1,1,0 1,0 1,0 2,0 1,0 3,0 1,0 1,0 1,0 
20010 j 2 1,0,1,-219,376 0 3,0 2,0 1,0 1,0 2,0 3,0 2,0 1,0 1,0 1,1,0 1,0 1,1,0 1,0 1,0 2,0 1,0 3,0 1,0 1,0 1,0 
20010 k 1 1,0,1,-27724,1712522 0 1,0 2,0 1,0 2,0 1,0 1,0 2,0 1,0 1,1,0 1,0 1,0 1,1,0 1,0 2,0 1,0 1,0 1,0 1,0 1,0 1,0 
20010 k 2 1,0,1,12276,6256522 0 1,1 2,0 1,0 2,0 1,0 1,1 2,0 1,0 1,1,0 1,0 1,0 1,1,0 1,0 2,0 1,0 1,0 1,0 1,0 1,0 1,0 
20010 l 1 1,0,1,-909,-2168 0 3,0 2,0 5,0 2,0 1,0 3,0 2,0 5,0 1,0 1,0 1,0 1,0 1,0 2,0 1,0 1,0 1,0 1,0 1,0 1,0 
20010 l 2 1,0,1,-8909,321032 0 3,0 2,0 5,0 2,0 1,0 3,0 2,0 5,0 1,0 1,0 1,0 1,0 1,0 2,0 1,0 1,0 1,0 1,0 1,0 1,0 
20010 l 3 1,0,1,-142309,20651192 0 3,0 2,0 5,0 2,0 1,0 3,0 2,0 5,0 1,0 1,0 1,0 1,0 1,0 2,0 1,0 1,0 1,0 1,0 1,0 1,0 
20010 l 4 1,0,1,-3509,707672 0 3,1 2,0 5,0 2,0 1,0 3,1 2,0 5,0 1,0 1,0 1,0 1,0 1,0 2,0 1,0 1,0 1,0 1,0 1,0 1,0 
20010 m 1 1,0,1,-49,-6028 0 3,0 4,0 3,0 2,0 1,0 3,0 4,0 3,0 1,0 1,0 1,0 1,1,0 1,0 2,0 1,0 1,1,0 3,0 1,0 1,0 1,0 
20010 m 2 1,0,1,-5269,-145924 0 3,0 4,0 3,0 2,0 1,0 3,0 4,0 3,0 1,0 1,0 1,0 1,1,0 1,0 2,0 1,0 1,1,0 3,0 1,0 1,0 1,0 
20010 n 1 1,0,1,195429522,-1084101952352 7 3,0 3,0 1,0 0,0 1,0 3,0 3,0 1,0 
20010 n 2 1,0,1,-1146747758,-10353715118944 7 3,0 3,0 1,0 0,0 1,0 3,0 3,0 1,0 
20010 n 3 1,0,1,-16733584238,-833051883471712 7 3,1 3,0 1,0 0,0 1,0 3,1 3,0 1,0 
20010 n 4 1,0,1,-7034747758,219094579281056 7 3,0 3,0 1,0 0,0 1,0 3,0 3,0 1,0 
20010 o 1 1,0,1,16502,-3127684 0 3,0 4,0 2,0 2,0 2,0 3,0 4,0 2,0 1,1,0 1,0 1,0 1,0 1,0 2,0 2,0 1,0 1,0 1,0 1,1,0 1,0 
20010 p 1 1,1,1,569,76133 0 3,0 1,0 1,0 1,0 2,0 3,0 1,0 1,0 1,0 1,0 5,0 1,0 1,0 1,0 2,0 1,0 3,0 1,0 1,0 1,0 
20010 q 1 1,1,1,-1820401,-945020401 5 3,0 2,0 0,0 1,0 1,0 3,0 2,0 
20010 q 2 1,1,1,-2332401,-371375601 5 3,0 2,0 0,0 1,0 1,0 3,0 2,0 
20010 q 3 1,1,1,-21799601,38882286479 5 3,0 2,0 0,0 1,0 1,0 3,0 2,0 
20010 q 4 1,1,1,8942799,-2901530481 5 3,1 2,0 0,0 1,0 1,0 3,1 2,0 
20010 r 1 1,1,1,11025,79038645 7 3,0 0,0 5,0 3,0 0,0 3,0 0,0 5,0 
20010 r 2 1,1,1,-2697455,1672708277 7 3,0 0,0 5,0 3,0 0,0 3,0 0,0 5,0 
20010 r 3 1,1,1,-5792335,-2884193035 7 3,1 0,0 5,0 3,0 0,0 3,1 0,0 5,0 
20010 r 4 1,1,1,-42938255,108278635637 7 3,0 0,0 5,0 3,0 0,0 3,0 0,0 5,0 
20010 s 1 1,1,1,4655,-52693 5 3,0 10,0 1,0 1,0 0,0 3,0 10,0 
20010 s 2 1,1,1,-20575,-466465 5 3,0 10,0 1,0 1,0 0,0 3,0 10,0 
20010 t 1 1,1,1,-26900,-1711915 7 3,0 0,0 3,0 1,0 0,0 3,0 0,0 3,0 
20010 t 2 1,1,1,-430580,-108929323 7 3,0 0,0 3,0 1,0 0,0 3,0 0,0 3,0 
20010 u 1 1,1,1,-3370,73895 3 1,0 0,0 1,0 1,0 0,0 1,0 
20010 u 2 1,1,1,-3270,78615 3 1,1 0,0 1,0 1,0 0,0 1,1 
20010 v 1 1,0,0,46974,-31906620 0 3,0 6,0 1,0 1,0 1,0 3,0 6,0 1,0 1,0 1,1,0 1,0 1,0 1,0 1,0 1,0 1,0 1,0 1,0 1,0 1,0 
20010 v 2 1,0,0,-6339066,-6145516404 0 3,0 6,1 1,0 1,0 1,0 3,0 6,1 1,0 1,0 1,1,0 1,0 1,0 1,0 1,0 1,0 1,0 1,0 1,0 1,0 1,0 
20010 w 1 1,0,0,4249,127881 5 3,0 13,0 0,0 1,0 0,0 3,0 13,0 
20010 w 2 1,0,0,-27071,1261665 5 3,0 13,0 0,0 1,0 0,0 3,0 13,0 
20010 w 3 1,0,0,-41291,-5317875 5 3,0 13,1 0,0 1,0 0,0 3,0 13,1 
20010 w 4 1,0,0,-772961,-261548709 5 3,0 13,1 0,0 1,0 0,0 3,0 13,1 
20010 x 1 1,0,0,-1035,-12903 0 3,0 4,0 6,0 2,0 1,0 3,0 4,0 6,0 1,1,0 1,0 1,0 1,0 1,0 2,0 1,0 1,0 1,0 1,0 1,0 1,0 
20010 y 1 1,0,0,-39735,3501225 0 3,0 4,0 2,0 4,0 1,0 3,0 4,0 2,0 1,3,0 1,0 1,3,0 1,1,0 1,0 4,0 1,0 1,0 1,0 1,1,0 1,0 1,0 
20010 y 2 1,0,0,-661815,207170217 0 3,0 4,0 2,0 4,0 1,0 3,0 4,0 2,0 1,3,0 1,0 1,3,0 1,1,0 1,0 4,0 1,0 1,0 1,0 1,1,0 1,0 1,0 
20010 z 1 1,0,0,-4204585,1213177817 0 3,0 2,0 2,0 2,0 1,0 3,0 2,0 2,0 1,0 3,0 1,0 1,0 1,0 2,0 1,0 1,0 1,0 1,1,0 1,0 1,0 
20010 z 2 1,0,0,-54593065,155129828825 0 3,0 2,0 2,0 2,0 1,0 3,0 2,0 2,0 1,0 3,0 1,0 1,0 1,0 2,0 1,0 1,0 1,0 1,1,0 1,0 1,0 
20010 ba 1 1,0,0,-2595,65025 0 3,0 2,0 2,0 2,0 1,0 3,0 2,0 2,0 1,0 1,0 1,0 1,0 1,0 2,0 1,0 1,0 1,0 1,0 1,0 1,0 
20010 bb 1 1,0,0,-15935,-1935975 0 3,0 2,0 2,0 2,0 1,0 3,0 2,0 2,0 1,0 1,0 1,0 1,1,0 1,0 2,0 1,0 1,0 1,0 1,0 1,0 1,0 
20010 bb 2 1,0,0,-350015,-79642983 0 3,0 2,0 2,0 2,0 1,0 3,0 2,0 2,0 1,0 1,0 1,0 1,1,0 1,0 2,0 1,0 1,0 1,0 1,0 1,0 1,0 
20010 bc 1 1,0,0,-1790,27972 5 3,0 3,0 3,0 1,0 1,0 3,0 3,0 
20010 bc 2 1,0,0,-4670,-85500 5 3,1 3,0 3,0 1,0 1,0 3,1 3,0 
20010 bc 3 1,0,0,-68150,-6852468 5 3,2 3,0 3,0 1,0 1,0 3,2 3,0 
20010 bc 4 1,0,0,12730,-569220 5 3,2 3,0 3,0 1,0 1,0 3,2 3,0 
20013 a 1 1,1,1,4623,-131994 5 2,0 0,0 1,0 3,0 2,0 
20013 a 2 1,1,1,-28182,-1312974 5 2,0 0,0 1,0 3,0 2,0 
20013 a 3 1,1,1,-414147,-102744576 5 2,0 0,0 1,0 3,1 2,0 
20013 a 4 1,1,1,-167097,25192008 5 2,0 0,0 1,0 3,0 2,0 
20013 b 1 1,0,0,-181,-952 0 2,0 1,0 2,0 3,0 2,0 1,0 1,0 1,0 1,0 1,0 1,1,0 1,0 1,0 1,0 1,0 1,0 1,0 1,0 
20013 b 2 1,0,0,-216,-567 0 2,0 1,0 2,0 3,0 2,0 1,0 1,0 1,0 1,0 1,0 1,1,0 1,0 1,0 1,0 1,0 1,0 1,0 1,0 
20014 a 1 1,0,0,-44,112 0 4,0 o? 4,0 1,0 1,0 1,0 1,0 1,0 1,1,0 1,0 1,0 1,0 1,0 1,0 1,0 1,0 1,1,0 
20016 a 1 0,0,0,117,-54 0 a a 2,0 a a 2,0 2,0 2,0 2,0 2,2,0 2,2,0 2,0 2,0 2,0 2,0 2,0 2,0 4,0 
20016 b 1 0,0,0,42,151 0 a a 0,0 a a 0,0 0,0 0,0 0,0 0,0 0,0 0,0 0,0 0,0 0,0 0,0 0,0 0,0 
20016 c 1 0,0,0,-8211,-289118 0 a a 0,0 a a 0,0 0,0 0,0 0,0 0,0,0 0,0 0,0,0 2,0 0,0 0,0 0,0 0,0 0,0 
20016 d 1 0,0,0,-285267,58644610 0 a a 0,0 a a 2,0 0,0 0,0 0,0 0,0 0,0 0,0 0,0 0,0 0,0 0,0 0,0 2,0 
20016 e 1 0,0,0,-435,4322 0 a a 2,0 a a 1,1,0 3,0 1,0 1,0 1,0 1,0 1,0 1,3,0 1,0 1,0 1,3,0 1,0 1,0 
20016 f 1 0,0,0,-11235,458354 0 a a 2,0 a a 1,1,0 1,0 3,0 1,0 1,0 1,1,0 1,0 1,1,0 1,1,0 1,0 1,0 1,0 1,0 
20016 f 2 0,0,0,-10875,489098 0 a a 2,0 a a 1,1,0 1,0 3,0 1,0 1,0 1,1,0 1,0 1,1,0 1,1,0 1,0 1,0 1,0 1,0 
20016 g 1 0,0,0,-111,862 0 a a 2,0 a a 1,0 1,0 1,0 3,0 1,0 1,0 1,0 1,0 1,0 1,0 1,0 1,0 1,0 
20016 h 1 0,0,0,6,-61 0 a a 2,0 a a 3,0 1,0 1,0 1,0 1,0 1,0 1,0 1,0 1,0 1,0 1,0 1,0 1,1,0 
20016 i 1 0,0,0,81,1242 0 a a 0,0 a a 0,0 0,0 0,0 4,0 0,0 0,0 0,0,0 0,0 0,0 0,0 0,0,0 0,0 0,0 
20016 j 1 0,0,0,-5859,-56862 3 a a 0,0 a 
20016 j 2 0,0,0,-74979,-7895070 3 a a 0,0 a 
20016 k 1 0,0,0,9,-46 0 a a 0,0 a a 0,0 0,0 0,0 4,0 0,0 0,0 0,0,0 0,0 0,0 0,0 0,0,0 0,0 0,0 
20016 l 1 0,0,0,-651,2106 3 a a 0,0 a 
20016 l 2 0,0,0,-8331,292410 3 a a 0,0 a 
20016 m 1 0,0,0,-123,490 3 a a 0,0 a 
20016 m 2 0,0,0,117,2170 3 a a 0,0 a 
20016 n 1 0,0,0,-1107,-13230 0 a a 2,0 a a 2,0 2,2,0 2,0 2,0 4,0 2,0 2,0 2,4,0 2,2,0 2,0 2,2,0 2,0 2,0 
20016 n 2 0,0,0,1053,-58590 0 a a 2,0 a a 2,0 2,2,0 2,0 2,0 4,0 2,0 2,0 2,4,0 2,2,0 2,0 2,2,0 2,0 2,0 
20016 o 1 0,0,0,285,-2846 0 a a 1,0 a a 1,1,0 1,0 1,0 1,0 1,0 1,0 3,0 1,0 1,0 1,0 1,0 1,0 1,0 
20016 p 1 0,0,0,-72,243 0 a a 1,0 a a 1,0 1,0 1,0 1,0 1,0 1,0 1,0 1,0 1,0 1,0 1,0 1,0 1,0 
20016 q 1 0,0,0,-507,-4502 0 a a 1,0 a a 1,0 1,0 1,0 1,0 1,0 1,0 1,0 1,0 3,0 1,0 1,0 1,0 1,0 
20016 r 1 0,0,0,-147,15698 0 a a 1,0 a a 3,0 1,0 1,0 1,0 3,0 3,0 1,0 1,0 1,0 1,0 1,0 1,0 1,1,0 
20016 s 1 0,0,0,3669,107674 0 a a 1,0 a a 1,0 1,1,0 1,0 1,0 1,0 1,0 1,0 1,1,0 1,0 1,0 1,0 1,0 1,0 
20016 t 1 0,0,0,-336,4439 0 a a 1,0 a a 1,0 1,0 1,0 1,0 1,0 1,0 1,3,0 1,0 1,1,0 1,0 1,0 1,0 1,0 
20016 t 2 0,0,0,-6591,205850 0 a a 1,0 a a 1,0 1,0 1,0 1,0 1,0 1,0 1,3,0 1,0 1,1,0 1,0 1,0 1,0 1,0 
20016 u 1 0,0,0,-147891,21919858 0 a a 1,0 a a 1,0 1,0 1,0 1,0 1,1,0 1,0 1,0 1,0 1,0 1,0 1,0 1,0 1,0 
20016 v 1 0,0,0,69,17642 0 a a 1,0 a a 1,0 1,0 3,0 3,0 1,0 1,0 3,1,0 1,0 1,0 1,0 1,0 1,0 1,0 
20016 w 1 0,0,0,-624,-45061 0 a a 1,0 a a 1,0 1,0 1,0 1,0 1,0 1,0 1,0 1,0 1,0 1,0 1,0 1,0 1,1,0 
20016 w 2 0,0,0,-117264,-15456121 0 a a 1,0 a a 1,0 1,0 1,0 1,0 1,0 1,0 1,0 1,0 1,0 1,0 1,0 1,0 1,1,0 
20016 x 1 0,0,0,-86619,9812234 0 a a 1,0 a a 1,0 1,0 1,0 1,0 1,0 1,0 1,0 1,0 1,0 1,0 1,0 1,0 1,1,0 
20016 x 2 0,0,0,-77259,12014714 0 a a 1,0 a a 1,0 1,0 1,0 1,0 1,0 1,0 1,0 1,0 1,0 1,0 1,0 1,0 1,1,0 
20016 x 3 0,0,0,623301,-173633686 0 a a 1,0 a a 1,0 1,0 1,0 1,0 1,0 1,0 1,0 1,0 1,0 1,0 1,0 1,0 1,1,0 
20016 y 1 0,0,0,-1155,14722 0 a a 3,0 a a 2,4,0 2,0 2,2,0 2,0 2,0 2,0 2,0 2,0 2,0 2,0 2,0 2,0 2,0 
20016 y 2 0,0,0,285,48994 0 a a 3,0 a a 2,4,0 2,0 2,2,0 2,0 2,0 2,0 2,0 2,0 2,0 2,0 2,0 2,0 2,0 
20016 z 1 0,0,0,-192,1163 0 a a 1,0 a a 2,0 0,0 0,0 2,0 0,0 0,0 0,0 0,0 2,0 0,0 0,0 0,0 0,0 
20016 ba 1 0,0,0,-1698411,-402214246 3 a a 1,0 a 
20016 ba 2 0,0,0,-13494891,18804814490 3 a a 1,0 a 
20016 ba 3 0,0,0,-215048811,1213818006170 3 a a 1,0 a 
20016 ba 4 0,0,0,-684651,53041461914 3 a a 1,0 a 
20016 bb 1 0,0,0,-8571,-305494 0 a a 1,0 a a 0,0 0,0,0 0,0 2,0 0,0 0,0 0,0 0,0 0,0 0,0 0,0 0,0 0,0 
20016 bc 1 0,0,0,-10083,625250 0 a a 1,0 a a 0,0 0,0 0,0 0,0 0,0 0,0 0,0 0,0,0 0,0 0,0 0,0 2,0 0,0 
20016 bc 2 0,0,0,-156963,-69833950 0 a a 1,0 a a 0,1 0,0 0,0 0,0 0,0 0,0 0,0 0,0,0 0,0 0,0 0,0 2,0 0,0 
20018 a 1 1,-1,0,19,-27 0 4,0 o? 4,0 3,1,0 1,0 1,0 1,0 1,0 1,0 3,0 1,1,0 1,0 1,1,0 1,0 1,0 1,0 1,0 
20019 a 1 0,-1,1,-25,-45 0 3,0 o? 2,1,0 3,0 1,0 1,0 1,0 1,0 1,0 1,0 1,0 1,0 1,1,0 1,0 1,0 1,0 1,0 
20019 b 1 0,-1,1,-40462,-3122118 0 1,0 o? 2,1,0 1,0 1,0 1,0 1,0 1,0 1,0 1,0 1,0 1,0 1,0 1,0 1,0 1,0 1,0 
20020 a 1 0,0,0,-328,-10827 3 a 0,0 0,0 1,0 1,0 a 
20020 a 2 0,0,0,-9623,-362178 3 a 0,0 0,0 1,0 1,0 a 
20022 a 1 1,1,0,-75,-279 0 5,0 3,0 1,0 1,0 5,0 3,0 1,3,0 1,0 1,0 1,0 1,0 1,0 1,1,0 1,1,0 1,1,0 1,0 1,0 1,0 1,0 
20022 a 2 1,1,0,-165,387 0 5,0 3,0 1,0 1,0 5,0 3,0 1,3,0 1,0 1,0 1,0 1,0 1,0 1,1,0 1,1,0 1,1,0 1,0 1,0 1,0 1,0 
20022 b 1 1,1,0,-372,-4032 0 3,0 1,0 3,0 1,0 3,0 1,0 3,0 1,0 1,0 1,0 1,0 1,0 1,0 1,0 1,0 1,0 1,0 1,0 3,0 
20022 c 1 1,1,0,-1171,-15923 0 5,0 0,0 0,0 1,0 5,0 0,0 0,0 0,0 0,0 0,0 0,0 0,0 0,0 0,0 0,0 0,0 0,0 2,0 0,0 
20022 d 1 1,1,0,-133,205 3 1,0 0,0 1,0 0,0 1,0 
20022 d 2 1,1,0,-1093,-14195 3 1,1 0,0 1,0 0,0 1,1 
20022 e 1 1,0,1,-72,226 0 1,0 6,0 1,0 2,0 1,0 6,0 1,0 1,0 3,3,0 1,0 1,0 1,0 1,1,0 1,0 1,0 1,0 1,0 1,0 1,0 
20022 e 2 1,0,1,-102,10 0 1,1 6,0 1,0 2,0 1,1 6,0 1,0 1,0 3,3,0 1,0 1,0 1,0 1,1,0 1,0 1,0 1,0 1,0 1,0 1,0 
20022 f 1 1,0,1,-24646,-1477096 0 1,0 2,0 2,0 1,0 1,0 2,0 1,1,0 1,0 1,5,0 1,0 1,0 1,0 1,0 1,1,0 1,1,0 1,0 1,0 1,0 2,0 
20022 f 2 1,0,1,-393286,-94964200 0 1,1 2,0 2,0 1,0 1,1 2,0 1,1,0 1,0 1,5,0 1,0 1,0 1,0 1,0 1,1,0 1,1,0 1,0 1,0 1,0 2,0 
20022 g 1 1,0,1,8,2 0 3,0 2,0 2,0 1,0 3,0 2,0 1,0 1,0 1,1,0 1,0 1,0 1,0 1,0 1,0 1,1,0 3,0 1,0 1,1,0 2,0 
20022 h 1 1,0,1,-142,-256 0 5,0 5,0 3,0 5,0 5,0 5,0 2,0 2,0 2,0 2,0 2,2,0 2,2,0 4,0 2,0 2,0 2,0 2,0 2,0 3,0 
20022 h 2 1,0,1,-1222,16160 0 5,0 5,0 3,0 5,0 5,0 5,0 2,0 2,0 2,0 2,0 2,2,0 2,2,0 4,0 2,0 2,0 2,0 2,0 2,0 3,0 
20022 i 1 1,1,1,78,63 0 3,0 1,0 1,0 2,0 3,0 1,0 1,0 1,0 1,0 1,0 1,0 1,0 1,0 1,0 1,0 1,0 1,0 1,0 1,0 
20022 j 1 1,1,1,43049171940,362520087555069 0 5,0 1,0 2,0 1,0 5,0 1,0 1,0 3,0 1,0 3,0 1,0 3,0 1,0 1,0 1,0 1,0 1,0 1,0 2,0 
20022 k 1 1,1,1,-47552,-5453791 5 5,0 4,0 1,0 1,0 5,0 4,0 
20022 k 2 1,1,1,-834872,-293927839 5 5,0 4,0 1,0 1,0 5,0 4,0 
20022 l 1 1,1,1,-392,2825 0 3,0 2,0 3,0 3,0 3,0 2,0 2,0 2,0 2,0 2,0 2,0 2,2,0 2,0 2,0 2,0 2,0 2,0 2,2,0 3,0 
20022 m 1 1,0,0,-109,-907 0 3,0 1,0 0,0 1,0 3,0 1,0 0,0 0,0 0,0 0,0 0,0 0,0 0,0 0,0 0,0 0,0 0,0 0,0 0,0 
20022 n 1 1,0,0,114606,-22471344 0 3,0 3,0 0,0 1,0 3,0 3,0 0,0 2,0 0,0,0 2,0 0,0 0,0 0,0,0 0,0 0,0,0 0,0 0,0 0,0 0,0 
20022 o 1 1,0,0,93,16641 0 3,0 3,0 2,0 3,0 3,0 3,0 2,0 2,0 2,0 2,0 4,0 4,0 2,0 2,0 4,2,0 2,0 2,2,0 2,0 2,0 
20022 p 1 1,0,0,-20415,-1405287 0 5,0 6,0 2,0 2,0 5,0 6,0 3,0 1,0 1,0 1,0 1,0 1,0 1,0 1,0 1,0 1,0 1,0 1,0 2,0 
20025 a 1 0,0,1,-270,1711 0 a a 1,0 3,4,0 a a 1,0 1,0 1,0 1,0 1,0 1,0 1,0 1,0 1,0 1,0 1,0 1,0 
20025 b 1 0,0,1,300,-7094 0 a a 1,0 3,6,0 a a 3,0 1,0 1,0 1,0 1,1,0 1,0 1,0 1,0 1,0 1,0 1,0 1,0 
20025 c 1 0,0,1,-2430,-46204 0 a a 1,0 3,4,0 a a 2,0 0,0 0,0 0,0 0,0 0,0 0,0 0,0 0,0 0,0 0,0 0,0 
20025 d 1 0,0,1,2700,191531 0 a a 1,0 3,6,0 a a 0,0 0,0 0,0 0,0 0,0,0 0,0 0,0 0,0 0,0 0,0 0,0 0,0 
