35001 a 1 1,-1,0,0,-243 0 a o? 6,0 a 1,0 1,1,0 3,1,0 1,1,0 1,0 1,0 1,0 1,0 1,0 1,0 1,0 1,0 1,0 
35001 b 1 1,-1,0,-177876,28520667 0 a o? 4,0 a 1,0 1,1,0 1,1,0 1,0 1,0 1,0 1,1,0 1,0 1,1,0 1,0 1,0 1,0 1,0 
35001 b 2 1,-1,0,-2835081,1838077272 0 a o? 4,0 a 1,0 1,1,0 1,1,0 1,0 1,0 1,0 1,1,0 1,0 1,1,0 1,0 1,0 1,0 1,0 
35001 b 3 1,-1,0,-2824146,1852951059 0 a o? 4,1 a 1,0 1,1,0 1,1,0 1,0 1,0 1,0 1,1,0 1,0 1,1,0 1,0 1,0 1,0 1,0 
35001 b 4 1,-1,0,-45361296,117602939745 0 a o? 4,0 a 1,0 1,1,0 1,1,0 1,0 1,0 1,0 1,1,0 1,0 1,1,0 1,0 1,0 1,0 1,0 
35002 a 1 1,-1,0,-106,564 3 1,0 0,0 0,0 1,0 1,0 
35002 a 2 1,-1,0,-1826,30492 3 1,0 0,0 0,0 1,0 1,0 
35002 b 1 1,0,1,-1280,-25826 0 3,0 0,0 1,0 0,0 3,0 2,0 0,0 0,0 0,0 0,0 0,0 0,0 0,0 2,0 0,0 1,0 0,0 0,0 0,0 
35002 c 1 1,0,1,18,80 0 1,0 2,0 2,0 1,0 1,0 1,0 5,0 1,3,0 2,0 1,1,0 1,1,0 1,0 1,0 1,0 1,0 2,0 1,0 1,0 1,0 
35002 c 2 1,0,1,-202,960 0 1,0 2,0 2,0 1,0 1,0 1,0 5,0 1,3,0 2,0 1,1,0 1,1,0 1,0 1,0 1,0 1,0 2,0 1,0 1,0 1,0 
35002 d 1 1,1,1,-303,3385 0 3,0 1,0 0,0 1,0 3,0 0,0 0,0,0 0,0 1,0 0,0 0,0 0,0 0,0 2,0 0,0 0,0 0,0,0 1,0 0,0 
35002 e 1 1,1,1,-424,-10871 0 7,0 1,0 0,0 1,0 7,0 0,0 4,0 0,0 1,0 0,0 0,0 0,0 0,0 0,0 0,0 0,0 0,0,0 1,0 0,0 
35003 a 1 0,1,1,18,-18 0 3,0 3,0 3,0 16,9,0 3,0 3,0 5,0 3,0 3,0 3,0 3,0 3,0 3,0 3,0 3,0 3,0 3,0 3,0 
35003 b 1 1,-1,1,-2899,-59344 0 2,0 3,0 2,0 3,0 2,4,0 4,0 2,0 2,0 4,0 2,0 2,0 2,0 3,0 2,0 2,0 2,0 2,0 2,0 
35003 c 1 0,0,1,-1017683,395154465 0 2,0 3,0 2,0 16,9,0 2,4,0 4,0 2,0 2,0 2,0 2,0 2,0 2,0 3,0 2,0 2,0 2,0 2,0 2,0 
35004 a 1 0,-1,0,190,993 0 a 4,0 0,0 a 4,0 2,0 0,0 0,0 0,0 0,0 0,0,0 0,0 0,0 0,0 0,0 0,0 0,0 0,0 
35004 b 1 0,-1,0,-981,-11502 5 a 2,0 0,0 a 2,0 
35004 b 2 0,-1,0,-1116,-7992 5 a 2,0 0,0 a 2,0 
35004 c 1 0,-1,0,-34,-83 0 a 1,0 o? a 1,0 1,0 1,0 5,0 1,0 1,0 1,1,0 1,0 1,0 1,0 1,0 1,0 1,0 1,0 
35004 d 1 0,1,0,-729,0 0 a 2,0 o? a 2,0 1,0 1,0 3,0 1,0 1,0 1,0 1,0 1,0 1,0 1,0 1,0 1,0 1,0 
35004 d 2 0,1,0,2916,2916 0 a 2,0 o? a 2,0 1,0 1,0 3,0 1,0 1,0 1,0 1,0 1,0 1,0 1,0 1,0 1,0 1,0 
35006 a 1 1,0,1,688,25630 0 2,0 0,0 1,0 2,0 6,0 0,0 0,0 0,0 0,0 0,0 0,0 0,0 0,0 0,0 0,0 0,0 0,0 0,0,0 
