30001 a 1 0,1,1,-171,-6408 0 2,0 o? 1,4,0 9,0 1,0 1,0 1,0 1,0 1,0 2,0 1,0 1,0 1,0 1,0 1,0 1,0 1,0 
30002 a 1 1,-1,0,-313,-2055 0 8,0 2,0 o? 8,0 1,1,0 1,0 2,0 1,0 1,0 1,0 1,0 1,0 1,0 1,0 1,0 1,0 1,0 1,0 
30002 a 2 1,-1,0,-323,-1909 0 8,0 2,0 o? 8,0 1,1,0 1,0 2,0 1,0 1,0 1,0 1,0 1,0 1,0 1,0 1,0 1,0 1,0 1,0 
30003 a 1 0,1,1,-3011,63989 0 2,0 2,0 1,0 4,3,0 2,0 1,0 1,1,0 1,1,0 1,1,0 1,0 1,0 1,0 1,0 1,0 1,0 1,0 1,0 1,0 
30003 b 1 1,0,1,-1516846,718925339 5 1,0 1,0 1,0 7,0 1,0 
30003 b 2 1,0,1,-1517211,718561945 5 1,0 1,0 1,0 7,1 1,0 
30005 a 1 1,-1,1,-4693,124732 0 1,0 2,0 2,0 7,0 1,1,0 1,0 1,0 1,0 1,0 2,0 1,0 1,1,0 3,0 1,0 1,0 3,0 1,0 1,0 
30005 a 2 1,-1,1,-6138,42656 0 1,0 2,0 2,0 7,1 1,1,0 1,0 1,0 1,0 1,0 2,0 1,0 1,1,0 3,0 1,0 1,0 3,0 1,0 1,0 
30005 a 3 1,-1,1,23867,318702 0 1,0 2,0 2,0 7,2 1,1,0 1,0 1,0 1,0 1,0 2,0 1,0 1,1,0 3,0 1,0 1,0 3,0 1,0 1,0 
30005 a 4 1,-1,1,-59263,-5503594 0 1,0 2,0 2,0 7,2 1,1,0 1,0 1,0 1,0 1,0 2,0 1,0 1,1,0 3,0 1,0 1,0 3,0 1,0 1,0 
30005 b 1 0,-1,1,-720,7681 0 5,0 0,0 0,0 0,1,0 2,0 5,0 0,0 0,0 0,0 0,0 0,0 0,0 0,0 2,0 0,0 0,0 0,0 0,0 
30006 a 1 1,-1,0,-3186,-68396 0 3,0 a 0,0 3,0 a 0,0 0,0 0,0 0,0 0,0,0 0,0 0,0 0,0 0,0 0,0 0,0 0,0 0,0 
30006 b 1 1,-1,0,-333,189 0 3,0 a o? 3,0 a 1,0 1,0 1,0 1,1,0 1,0 1,0 1,0 1,0 1,0 1,0 1,0 1,0 1,0 
30006 c 1 1,-1,1,-7295,-237657 0 7,0 a o? 7,0 a 1,1,0 1,0 1,0 1,1,0 3,0 1,1,0 1,0 1,1,0 1,0 1,0 1,0 1,0 1,0 
30006 d 1 1,-1,1,-914,10833 0 5,0 a o? 5,0 a 1,0 1,0 1,1,0 1,0 3,0 1,0 1,0 1,0 1,0 1,1,0 1,0 1,0 1,0 
30006 d 2 1,-1,1,-554,19185 0 5,1 a o? 5,1 a 1,0 1,0 1,1,0 1,0 3,0 1,0 1,0 1,0 1,0 1,1,0 1,0 1,0 1,0 
30006 e 1 1,-1,1,-16241,-882399 0 5,0 a o? 5,0 a 0,0 0,0 0,0 2,0 0,0 0,0 0,0 0,0 0,0 0,0 0,0 0,0 0,0 
30008 a 1 0,1,0,928,3760 3 a a 0,0 a 
30008 a 2 0,1,0,-3912,26992 3 a a 0,0 a 
30008 b 1 0,1,0,-3912,-96791 0 a a 0,0 a 2,0 0,0 2,0 a 0,0 0,0 0,0 0,0 0,0 0,0 0,0 0,0 0,0 0,0 
30008 c 1 0,1,0,668848,-91587311 0 a a 0,0 a 6,0 0,0 0,0 a 0,0 0,0 2,0 0,0,0 0,0 0,0 0,0 0,0 0,0 0,0 
30008 d 1 0,0,0,121,1331 0 a a 2,0 a 1,3,0 1,0 1,0 a 1,0 1,1,0 1,0 1,0 1,0 2,0 1,0 3,0 1,0 3,0 
30008 e 1 0,-1,0,-1008,-54580 0 a a 1,0 a 5,0 1,1,0 1,0 a 1,1,0 1,0 1,0 1,0 1,0 1,0 1,0 1,0 1,0 1,0 
30008 f 1 0,-1,0,-5925652,5554032849 0 a a 1,0 a 5,0 1,0 1,0 a 1,1,0 1,0 1,0 1,0 1,0 1,0 1,0 1,0 1,0 1,0 
30008 g 1 0,1,0,-40,-1443 0 a a 1,0 a 3,0 1,0 1,0 a 1,0 1,0 1,0 3,0 1,0 1,0 1,0 1,0 1,0 1,0 
30008 h 1 0,0,0,-14399,-823889 0 a a 1,0 a 4,2,0 0,0 0,0 a 0,0 0,0,0 0,0 0,0 0,0 1,0 0,0 0,0 0,0 0,0 
30009 a 1 1,1,0,-79,250 0 0,0 0,0 o? 2,0 0,0 0,0 0,0 0,0,0 0,0 0,0 2,0 0,0 0,0 0,0 0,0 0,0 0,0 0,0 
30010 a 1 1,1,0,-183,917 0 3,0 5,0 o? 3,0 1,0 5,0 1,0 1,0 1,0 1,1,0 1,0 1,1,0 1,0 1,0 1,0 1,0 1,0 1,0 
30010 b 1 1,-1,0,-49,93 0 7,0 3,0 o? 7,0 2,6,0 3,0 2,2,0 2,0 2,0 2,0 2,0 2,0 2,0 2,0 2,0 2,0 2,0 2,2,0 
30010 b 2 1,-1,0,151,533 0 7,1 3,0 o? 7,1 2,6,0 3,0 2,2,0 2,0 2,0 2,0 2,0 2,0 2,0 2,0 2,0 2,0 2,0 2,2,0 
30012 a 1 0,-1,0,-389,2574 0 a 1,0 1,0 2,0 a 1,0 3,0 1,0 1,0 1,0 1,0 3,0 1,0 1,0 1,0 1,0 1,0 1,0 1,0 
30012 a 2 0,-1,0,-5924,177480 0 a 1,0 1,0 2,0 a 1,0 3,0 1,0 1,0 1,0 1,0 3,0 1,0 1,0 1,0 1,0 1,0 1,0 1,0 
30012 b 1 0,1,0,-62645,4929447 0 a 5,0 0,0 1,0 a 5,0 2,0 2,0 0,0 0,0 0,0 0,0 0,0 0,0 0,0 0,0 0,0 0,0 0,0 
30015 a 1 1,-1,0,-675,-10400 0 a 1,0 1,0 2,0 4,0 a 1,0 1,0 1,0 1,0 1,0 1,0 1,0 2,0 1,0 1,1,0 1,0 1,0 1,0 
30015 a 2 1,-1,0,-12420,-529529 0 a 1,0 1,0 2,0 4,0 a 1,0 1,0 1,0 1,0 1,0 1,0 1,0 2,0 1,0 1,1,0 1,0 1,0 1,0 
30015 b 1 1,-1,1,-60728,6649962 0 a 1,0 1,0 2,0 4,0 a 1,0 1,0 1,0 3,0 1,1,0 1,0 1,0 2,0 1,0 1,0 1,0 1,0 1,0 
30015 b 2 1,-1,1,-1012073,392134956 0 a 1,0 1,0 2,0 4,0 a 1,0 1,0 1,0 3,0 1,1,0 1,0 1,0 2,0 1,0 1,0 1,0 1,0 1,0 
30015 c 1 0,0,1,-11748,-349416 0 a 1,0 2,0 1,0 9,2,0 a 1,0 1,0 1,1,0 1,0 1,0 1,0 2,0 1,0 3,0 1,0 1,0 1,0 1,0 
30015 d 1 1,-1,0,-47250,3859375 0 a 1,0 2,0 1,0 4,0 a 1,0 1,1,0 1,1,0 1,0 1,0 1,0 2,0 1,0 1,0 1,0 1,0 1,0 1,1,0 
30015 d 2 1,-1,0,-750375,250375000 0 a 1,0 2,0 1,0 4,0 a 1,0 1,1,0 1,1,0 1,0 1,0 1,0 2,0 1,0 1,0 1,0 1,0 1,0 1,1,0 
30015 d 3 1,-1,0,-744750,254309125 0 a 1,0 2,0 1,0 4,1 a 1,0 1,1,0 1,1,0 1,0 1,0 1,0 2,0 1,0 1,0 1,0 1,0 1,0 1,1,0 
30015 d 4 1,-1,0,-12006000,16015003375 0 a 1,0 2,0 1,0 4,0 a 1,0 1,1,0 1,1,0 1,0 1,0 1,0 2,0 1,0 1,0 1,0 1,0 1,0 1,1,0 
30015 e 1 1,-1,0,-360,-2525 0 a 1,0 2,0 1,0 2,0 a 1,0 1,0 1,0 1,0 1,1,0 1,0 2,0 1,0 1,0 1,0 1,0 1,0 1,0 
30015 e 2 1,-1,0,-135,-5810 0 a 1,0 2,0 1,0 2,1 a 1,0 1,0 1,0 1,0 1,1,0 1,0 2,0 1,0 1,0 1,0 1,0 1,0 1,0 
30015 f 1 1,-1,1,382,-5448 0 a 1,0 2,0 1,0 4,0 a 1,0 1,1,0 1,0 1,0 1,0 1,0 2,0 1,0 1,0 1,0 1,0 1,3,0 1,1,0 
30015 f 2 1,-1,1,-3263,-59394 0 a 1,0 2,0 1,0 4,0 a 1,0 1,1,0 1,0 1,0 1,0 1,0 2,0 1,0 1,0 1,0 1,0 1,3,0 1,1,0 
30015 f 3 1,-1,1,-15008,654702 0 a 1,0 2,0 1,0 4,0 a 1,0 1,1,0 1,0 1,0 1,0 1,0 2,0 1,0 1,0 1,0 1,0 1,3,0 1,1,0 
30015 f 4 1,-1,1,-49838,-4269774 0 a 1,0 2,0 1,0 4,1 a 1,0 1,1,0 1,0 1,0 1,0 1,0 2,0 1,0 1,0 1,0 1,0 1,3,0 1,1,0 
30015 g 1 0,0,1,222,-3996 0 a 0,0 1,0 1,0 3,10,0 a 0,0 0,0 0,0,0 0,0 0,0 0,0 1,0 1,0 0,0 0,0 0,0 0,0 0,0 
30015 g 2 0,0,1,-2028,117279 0 a 0,0 1,0 1,0 3,10,0 a 0,0 0,0 0,0,0 0,0 0,0 0,0 1,0 1,0 0,0 0,0 0,0 0,0 0,0 
30015 h 1 0,0,1,-5489922,-4950651983 0 a 2,0 1,0 1,0 1,4,0 a 2,0 3,0 1,0 1,1,0 1,0 1,0 1,0 1,0 1,0 1,1,0 1,0 1,0 1,0 
