40401 a 1 0,0,1,0,5037780 0 a a s? a 1,1,0 1,0 1,1,0 1,0 3,1,0 1,0 1,1,0 1,1,0 1,0 1,0 1,1,0 1,0 1,1,0 
40401 a 2 0,0,1,0,-136020067 0 a a s? a 1,1,0 1,0 1,1,0 1,0 3,1,0 1,0 1,1,0 1,1,0 1,0 1,0 1,1,0 1,0 1,1,0 
40401 b 1 0,0,1,0,-17 0 a a s? a 0,0,0 0,0 0,0,0 0,0 0,0,0 0,0 0,0,0 0,0,0 0,0 0,0 0,0,0 0,0 0,0,0 
40401 b 2 0,0,1,0,452 0 a a s? a 0,0,0 0,0 0,0,0 0,0 0,0,0 0,0 0,0,0 0,0,0 0,0 0,0 0,0,0 0,0 0,0,0 
40401 c 1 1,-1,0,-128778,-6312025 3 a a o? 
40401 c 2 1,-1,0,477237,-49096684 3 a a o? 
40401 d 1 1,-1,1,-14309,238548 3 a a o? 
40401 d 2 1,-1,1,53026,1800720 3 a a o? 
40401 e 1 0,0,1,-66330,-6575263 0 a a s? a 0,0,0 0,0,0 0,0,0 0,0,0 4,0 0,0 0,0 0,0 0,0,0 0,0 0,0,0 0,0,0 0,0 
40401 e 2 0,0,1,-297755370,1977595750478 0 a a s? a 0,0,0 0,0,0 0,0,0 0,0,0 4,0 0,0 0,0 0,0 0,0,0 0,0 0,0,0 0,0,0 0,0 
40401 f 1 0,0,1,402,5611 0 a a s? a 0,0 0,0 0,0 0,0 0,0 0,0 0,0 0,0 0,0 0,0 0,0,0 0,0 2,0 
40401 g 1 0,0,1,1804578,-1687656384 0 a a s? a 2,0 0,0 0,0 0,0 0,0 0,0 0,0 0,0 0,0 0,0 0,0,0 0,0 2,0 
40401 h 1 1,-1,0,-1071468,211224915 5 a a o? a 
40401 h 2 1,-1,0,-14605803,21479078934 5 a a o? a 
40401 i 1 1,-1,0,4887,-270702 0 a a o? a 0,0 0,0 0,0 0,0 0,0 0,0 0,0 0,0 0,0 0,0 0,0 0,0 0,0,0 
40401 j 1 1,-1,1,-239,-642 3 a a o? 
40401 j 2 1,-1,1,-3254,-70590 3 a a o? 
40401 k 1 1,-1,1,21936901,81044213604 0 a a o? a 0,0 2,0 0,0 0,0 0,0 0,0 0,0 0,0 0,0 0,0 0,0 0,0 0,0,0 
40401 l 1 0,0,1,-6316023,-7128459054 0 a a s? a 0,0 0,0 0,0 0,0 0,0 0,0 0,0 0,0 0,0 0,0 0,0,0 0,0 0,0 
40401 m 1 1,-1,0,-32099436,70007426901 0 a a o? a 3,0 1,0 1,3,0 1,0 1,0 1,0 1,0 1,0 1,0 1,0 1,0 1,0 1,1,0 
40401 n 1 1,-1,1,-41243,16937628 0 a a o? a 1,0 1,0 1,0 1,0 1,0 1,0 1,0 1,0 1,0 1,0 1,0 1,0 1,0 
40401 o 1 0,0,1,-498279,-135418541 0 a a s? a 3,0 1,0 1,0 1,0 1,0 1,0 1,0 3,0 1,0 1,0 1,1,0 1,0 1,0 
40401 p 1 0,0,1,-1407,23701 0 a a s? a 1,0 3,0 1,0 1,0 3,0 1,0 1,0 1,0 1,0 1,0 1,1,0 1,0 1,0 
40401 q 1 0,0,1,67335,6842358 0 a a s? a 1,3,0 3,1,0 1,0 1,0 3,0 1,0 1,0 1,0 1,0 1,0 1,1,0 1,0 1,0 
40804 a 1 0,0,0,-81608,4121204 0 a a a 0,0,0 0,0 0,0 0,0 0,0 0,0 2,0 0,0 0,0 0,0 0,0 0,0 0,0 0,0 
40804 b 1 0,-1,0,-707269,229038897 0 a a a 2,0 0,0 0,0 0,0 0,0 0,0 0,0 0,0 0,0,0 0,0 0,0 0,0 0,0 0,0 
40804 b 2 0,-1,0,-2339429,-1116677023 0 a a a 2,1 0,0 0,0 0,0 0,0 0,0 0,0 0,0 0,0,0 0,0 0,0 0,0 0,0 0,0 
40804 c 1 0,-1,0,-2747469,-1556136103 0 a a a 1,0 1,0 1,0 1,0 1,0 1,0 3,0 1,0 1,0 1,0 1,0 1,0 1,0 1,0 
40804 d 1 0,1,0,-269,-1601 0 a a a 1,0 1,0 1,0 1,0 1,0 1,0 1,0 1,0 1,0 1,0 1,0 1,0 1,0 1,0 
41209 a 1 0,-1,1,-384617,90676207 0 a a s? 1,0 1,0 a 1,0 1,0 1,1,0 1,0 1,3,0 a 1,0 1,0 1,0 1,0 1,0 
41209 a 2 0,-1,1,-3269247,-2231162480 0 a a s? 1,1 1,0 a 1,0 1,0 1,1,0 1,0 1,3,0 a 1,0 1,0 1,0 1,0 1,0 
41209 b 1 0,1,1,-673080,211777248 0 a a s? 7,0 1,0 a 1,0 1,0 1,0 1,0 1,1,0 a 1,0 1,0 1,0 1,0 1,0 
41209 c 1 0,1,1,-7849,-266605 0 a a s? 2,0 0,0 a 0,0 2,0 0,0,0 0,0 0,0,0 a 0,0 0,0 0,0 0,0 0,0 
41209 c 2 0,1,1,-66719,6485784 0 a a s? 2,0 0,0 a 0,0 2,0 0,0,0 0,0 0,0,0 a 0,0 0,0 0,0 0,0 0,0 
41209 d 1 1,1,0,-858,15171661 0 a a o? 0,0 0,0 a 0,0 0,0 0,0 0,0 0,0 a 0,0 0,0 0,0,0 0,0 0,0 
41209 e 1 1,-1,1,-1840,-36886 11 a a o? 0,0,0 0,0,0 a 
41209 e 2 1,-1,1,-31275,-2120884 11 a a o? 0,0,0 0,0,0 a 
41209 e 3 1,-1,1,-90145,12832096 11 a a o? 0,0,0 0,0,0 a 
41209 e 4 1,-1,1,-1532460,730528040 11 a a o? 0,0,0 0,0,0 a 
41209 f 1 1,1,1,-392344,-99667520 5 a a o? 4,0 
41209 f 2 1,1,1,-6367649,-6187308254 5 a a o? 4,0 
41209 g 1 0,1,1,-96154,-41781729 0 a a s? 4,0 0,0 a 0,0,0 0,0 0,0 0,0 0,0 a 0,0,0 0,0 0,0 0,0 0,0 
41209 h 1 0,-1,1,-1962,122373 0 a a s? 0,0 0,0 a 0,0,0 0,0 0,0 0,0 0,0 a 0,0,0 0,0 0,0 0,0 0,0 
41209 i 1 0,-1,1,810444,9412059 0 a a s? 4,0 0,0 a 0,0 0,0 0,0 0,0 0,0 a 0,0 0,0 0,0 0,0 0,0 
41209 i 2 0,-1,1,-88613086,321132192919 0 a a s? 4,0 0,0 a 0,0 0,0 0,0 0,0 0,0 a 0,0 0,0 0,0 0,0 0,0 
41209 j 1 0,-1,1,-13736,-613502 0 a a s? 0,0 0,0 a 0,0 0,0 0,0 0,0 0,0,0 a 0,0 0,0 0,0 0,0 0,0 
41616 a 1 0,0,0,3468,-19652 0 a a a a a 1,0 1,0 1,0 1,0 a 1,0 1,0 1,0 1,0 1,0 1,0 1,0 1,1,0 
41616 b 1 0,0,0,31212,530604 0 a a a a a 1,0 1,0 1,0 1,0 a 1,0 1,0 1,0 1,0 1,0 1,0 1,0 1,1,0 
41616 c 1 0,0,0,-57834,-5353317 0 a a a a a 3,0 1,0 5,0 1,0 a 1,0 1,0 1,0 1,0 1,0 1,0 1,0 1,0 
41616 d 1 0,0,0,-6426,198271 0 a a a a a 1,0 1,0 1,0 1,0 a 1,0 1,0 3,0 1,0 1,0 1,0 1,0 1,0 
41616 e 1 0,0,0,-51,-238 0 a a a a a 1,0 1,1,0 1,0 1,1,0 a 1,0 1,0 1,0 1,0 1,0 1,0 1,0 1,0 
41616 f 1 0,0,0,-1836,31212 0 a a a a a 1,0 1,0 1,0 1,0 a 1,0 1,0 1,0 1,1,0 1,0 1,0 1,0 1,0 
41616 g 1 0,0,0,-58956,-5679428 0 a a a a a 3,0 1,0 1,0 1,0 a 1,0 1,0 1,0 1,1,0 1,0 3,0 1,0 1,0 
41616 h 1 0,0,0,-459,6426 0 a a a a a 3,0 5,1,0 1,0 1,1,0 a 3,0 1,0 1,0 1,0 1,0 1,0 1,0 1,0 
41616 i 1 0,0,0,-204,-1156 0 a a a a a 1,0 1,0 1,0 1,0 a 1,0 1,0 1,0 1,1,0 1,0 1,0 1,0 1,0 
41616 j 1 0,0,0,-530604,153344556 0 a a a a a 1,0 3,0 1,0 1,0 a 1,0 1,0 1,0 1,1,0 1,0 1,0 1,0 1,0 
41616 k 1 0,0,0,-1857114,974105423 0 a a a a a 0,0 0,0 0,0 0,0 a 0,0 0,0 0,0 0,0 0,0 0,0 0,0 0,0 
41616 l 1 0,0,0,-16714026,-26300846421 0 a a a a a 0,0 2,0 0,0 0,0 a 0,0 0,0 0,0 0,0 0,0 0,0 0,0 0,0 
41616 m 1 0,0,0,-132651,31570938 0 a a a a a 0,0 0,0,0 2,0 0,0,0 a 0,0 0,0 0,0 0,0 0,0 0,0 0,0 0,0 
41616 n 1 0,0,0,-14739,-1169294 0 a a a a a 0,0 0,0,0 0,0 0,0,0 a 0,0 0,0 0,0 0,0 0,0 0,0 0,0 0,0 
41616 o 1 0,0,0,-21675,-894166 0 a a a a a 2,2,0 2,4,0 2,0 2,0 a 2,0 2,0 2,2,0 2,0 2,0 2,0 2,0 2,0 
41616 o 2 0,0,0,-125715,16438898 0 a a a a a 2,2,0 2,4,0 2,0 2,0 a 2,0 2,0 2,2,0 2,0 2,0 2,0 2,0 2,0 
41616 p 1 0,0,0,-3315,73474 0 a a a a a 4,4,0 2,0 2,0 2,0 a 2,0 2,0 2,0 2,0 2,0 2,0 2,0 2,0 
41616 q 1 0,0,0,-2505630,-3460191509 0 a a a a a 4,4,0 0,0 0,0 0,0 a 0,0 0,0 0,0 0,0 0,0 0,0 0,0 0,0 
41616 r 1 0,0,0,-125715,-16969502 3 a a a a 
41616 r 2 0,0,0,-21675,-44207174 3 a a a a 
41616 s 1 0,0,0,-255,-578 3 a a a a 
41616 s 2 0,0,0,-3315,-73406 3 a a a a 
41616 t 1 0,0,0,-73695,-2839714 3 a a a a 
41616 t 2 0,0,0,-958035,-360643678 3 a a a a 
41616 u 1 0,0,0,-255,2414 0 a a a a a 2,2,0 2,0 2,0 2,0 a 2,0 2,0 2,0 2,0 2,0 2,0 4,0 2,0 
41616 v 1 0,0,0,-12277587,16564051762 0 a a a a a 2,0 0,0 0,0 0,0 a 0,0,0 0,0 0,0 0,0 0,0,0 0,0 0,0 0,0 
41616 w 1 0,0,0,-136119,19288438 3 a a a a 
41616 w 2 0,0,0,-188139,3193450 3 a a a a 
41616 w 3 0,0,0,748221,25478818 3 a a a a 
41616 w 4 0,0,0,-1956819,-1049171150 3 a a a a 
41616 x 1 0,0,0,1734,34391 3 a a a a 
41616 x 2 0,0,0,-11271,343910 3 a a a a 
41616 x 3 0,0,0,-63291,-5846470 3 a a a a 
41616 x 4 0,0,0,-167331,26343506 3 a a a a 
41616 x 5 0,0,0,40749,-23179534 3 a a a a 
41616 x 6 0,0,0,-999651,-384697726 3 a a a a 
41616 y 1 0,0,0,-11271,186694 3 a a a a 
41616 y 2 0,0,0,40749,1424770 3 a a a a 
41616 z 1 0,0,0,1328244,-229319188 0 a a a a a 0,0 0,0,0 2,0 0,0 a 0,0 0,0 0,0 0,0 0,0 0,0 2,0 0,0 
41616 ba 1 0,0,0,-45084,7526716 0 a a a a a 2,0 2,0 2,0 2,0 a 2,0 2,0 2,0 2,0 2,0 2,0 2,0 2,0 
41616 bb 1 0,0,0,357,-99110 0 a a a a a 0,0 0,0 0,0,0 0,0 a 0,0 0,0 0,0 0,0 0,0 0,0 0,0 0,0 
41616 bc 1 0,0,0,-102,-425 0 a a a a a 2,0 0,0 0,0 0,0 a 0,0 0,0 0,0 0,0 0,0 0,0 0,0 0,0 
41616 bd 1 0,0,0,-958035,360977762 0 a a a a a 1,1,0 1,0 1,0 1,0 a 1,0 1,0 1,0 1,0 1,0 1,0 1,0 1,0 
41616 be 1 0,0,0,-8670,-704293 0 a a a a a 1,1,0 3,0 1,0 1,0 a 1,0 1,0 1,0 1,0 1,0 1,0 1,0 1,0 
41616 bf 1 0,0,0,-73695,11859982 0 a a a a a 1,3,0 1,0 1,0 1,0 a 1,0 1,0 1,0 1,0 1,0 1,0 1,0 1,0 
41616 bg 1 0,0,0,-42483,3371474 0 a a a a a 1,0 1,0 3,0 1,0 a 1,1,0 1,0 1,0 1,0 1,1,0 1,0 1,0 1,0 
41616 bh 1 0,0,0,-29478,-2088025 0 a a a a a 1,0 3,0 1,0 1,0 a 1,0 1,0 1,0 1,0 1,0 1,0 1,0 1,0 
41616 bi 1 0,0,0,103173,-486927430 0 a a a a a 1,0 1,0 1,1,0 1,0 a 1,0 1,0 1,0 1,0 1,0 1,0 1,0 1,0 
41616 bj 1 0,0,0,0,-1419857 0 a a a a a 0,0,0 0,0 0,0,0 0,0 a 2,0 0,0,0 0,0,0 0,0 2,0 0,0,0 0,0 0,0,0 
41616 bj 2 0,0,0,0,38336139 0 a a a a a 0,0,0 0,0 0,0,0 0,0 a 2,0 0,0,0 0,0,0 0,0 2,0 0,0,0 0,0 0,0,0 
41616 bk 1 0,0,0,0,-4913 5 a a a a a 
41616 bk 2 0,0,0,-4335,-108086 5 a a a a a 
41616 bk 3 0,0,0,0,132651 5 a a a a a 
41616 bk 4 0,0,0,-39015,2918322 5 a a a a a 
41616 bl 1 0,0,0,0,-17 0 a a a a a 0,0,0 0,0 0,0,0 0,0 a 0,0 0,0,0 0,0,0 0,0 0,0 0,0,0 0,0 0,0,0 
41616 bl 2 0,0,0,0,459 0 a a a a a 0,0,0 0,0 0,0,0 0,0 a 0,0 0,0,0 0,0,0 0,0 0,0 0,0,0 0,0 0,0,0 
41616 bm 1 0,0,0,-13872,-707472 0 a a a a a 2,0 2,0 2,0 4,0 a 2,0 2,0 2,0 2,0 2,0 2,0 2,0 2,0 
41616 bn 1 0,0,0,-124848,19101744 0 a a a a a 0,0 0,0 0,0 0,0 a 2,0 0,0 0,0 0,0 0,0 0,0 0,0 0,0 
41616 bo 1 0,0,0,-459,-8262 0 a a a a a 0,0 4,0 0,0 2,0 a 0,0 0,0 0,0 0,0 0,0 0,0 0,0 0,0 
41616 bp 1 0,0,0,-51,306 0 a a a a a 2,0 2,0 2,0 2,0 a 2,0 2,0 2,0 4,0 2,0 2,0 2,0 2,0 
41616 bq 1 0,0,0,-6936,1395292 0 a a a a a 0,0 0,0 0,0 0,0 a 0,0 0,0 0,0 0,0 0,0 0,0 2,0 0,0 
41616 bq 2 0,0,0,-1186056,497175948 0 a a a a a 0,0 0,0 0,0 0,0 a 0,0 0,0 0,0 0,0 0,0 0,0 2,0 0,0 
41616 br 1 0,0,0,-131784,-18413924 0 a a a a a 0,0 0,0 0,0 0,0 a 0,0 0,0 0,0 0,0 0,0 0,0 2,0 0,0 
41616 br 2 0,0,0,-62424,-37672884 0 a a a a a 0,0 0,0 0,0 0,0 a 0,0 0,0 0,0 0,0 0,0 0,0 2,0 0,0 
41616 bs 1 0,0,0,0,-289 0 a a a a a 3,3,0 3,0 1,1,0 1,0 a 3,0 1,1,0 1,1,0 1,0 1,0 1,1,0 1,0 1,1,0 
41616 bs 2 0,0,0,0,7803 0 a a a a a 3,3,0 3,0 1,1,0 1,0 a 3,0 1,1,0 1,1,0 1,0 1,0 1,1,0 1,0 1,1,0 
41616 bt 1 0,0,0,0,-83521 0 a a a a a 1,1,0 1,0 1,1,0 1,0 a 1,0 1,3,0 1,1,0 1,0 1,0 1,1,0 1,0 1,1,0 
41616 bt 2 0,0,0,0,2255067 0 a a a a a 1,1,0 1,0 1,1,0 1,0 a 1,0 1,3,0 1,1,0 1,0 1,0 1,1,0 1,0 1,1,0 
41616 bu 1 0,0,0,-14739,1503378 0 a a a a a 1,0 1,0 5,0 1,0 a 1,0 1,0 1,0 1,0 1,0 1,0 1,0 1,0 
41616 bv 1 0,0,0,-132651,-40591206 0 a a a a a 1,0 1,0 1,0 1,0 a 1,0 1,0 1,0 1,0 1,0 1,0 1,0 1,0 
41616 bw 1 0,0,0,2805,13498 0 a a a a a 1,1,0 1,0 1,1,0 1,0 a 1,0 1,0 1,1,0 1,0 1,0 1,0 1,0 1,0 
41616 bw 2 0,0,0,-33915,-2711126 0 a a a a a 1,1,0 1,0 1,1,0 1,0 a 1,0 1,0 1,1,0 1,0 1,0 1,0 1,0 1,0 
41616 bx 1 0,0,0,-10633755,13341870538 0 a a a a a 1,1,0 1,0 1,5,0 1,0 a 1,0 1,0 1,1,0 1,0 1,0 1,0 3,0 1,0 
41616 bx 2 0,0,0,-8969115,17660279626 0 a a a a a 1,1,0 1,0 1,5,0 1,0 a 1,0 1,0 1,1,0 1,0 1,0 1,0 3,0 1,0 
41616 bx 3 0,0,0,-31233675,-50795418566 0 a a a a a 1,1,0 1,0 1,5,0 1,0 a 1,0 1,0 1,1,0 1,0 1,0 1,0 3,0 1,0 
41616 bx 4 0,0,0,75303285,-322102440902 0 a a a a a 1,1,0 1,0 1,5,0 1,0 a 1,0 1,0 1,1,0 1,0 1,0 1,0 3,0 1,0 
41616 by 1 0,0,0,-3315,51442 0 a a a a a 1,1,0 1,0 1,0 1,0 a 1,0 1,0 1,1,0 1,0 1,0 1,0 1,0 1,0 
41616 by 2 0,0,0,8925,342754 0 a a a a a 1,1,0 1,0 1,0 1,0 a 1,0 1,0 1,1,0 1,0 1,0 1,0 1,0 1,0 
41616 bz 1 0,0,0,-958035,252734546 0 a a a a a 1,1,0 1,0 1,0 1,0 a 1,0 1,0 1,1,0 1,0 1,0 1,0 1,0 1,0 
41616 bz 2 0,0,0,2579325,1683950402 0 a a a a a 1,1,0 1,0 1,0 1,0 a 1,0 1,0 1,1,0 1,0 1,0 1,0 1,0 1,0 
41616 ca 1 0,0,0,-125715,10621906 0 a a a a a 1,1,0 3,0 1,0 3,0 a 1,0 1,1,0 1,1,0 1,0 1,0 1,0 1,0 1,1,0 
41616 ca 2 0,0,0,-1790355,921845842 0 a a a a a 1,1,0 3,0 1,0 3,0 a 1,0 1,1,0 1,1,0 1,0 1,0 1,0 1,0 1,1,0 
41616 ca 3 0,0,0,-4287315,-3416372462 0 a a a a a 1,1,0 3,0 1,0 3,0 a 1,0 1,1,0 1,1,0 1,0 1,0 1,0 1,0 1,1,0 
41616 ca 4 0,0,0,-4703475,-2713145294 0 a a a a a 1,1,0 3,0 1,0 3,0 a 1,0 1,1,0 1,1,0 1,0 1,0 1,0 1,0 1,1,0 
41616 cb 1 0,0,0,-13872,-962948 0 a a a a a 7,0 1,1,0 1,0 1,0 a 1,0 1,0 1,0 1,0 1,0 1,0 1,0 1,0 
41616 cc 1 0,0,0,-117912,335086252 0 a a a a a 1,0 1,0 1,0 1,0 a 1,0 1,0 1,0 1,0 1,0 1,0 1,0 1,0 
41616 cd 1 0,0,0,-408,68204 0 a a a a a 1,0 1,0 1,0 1,0 a 1,0 1,0 1,0 1,0 1,0 1,0 1,0 1,0 
41616 ce 1 0,0,0,357,-27574 0 a a a a a 1,0 1,0 3,0 1,0 a 1,0 1,0 1,0 1,0 1,0 1,0 1,0 1,0 
41616 cf 1 0,0,0,-4217088,-3337951156 0 a a a a a 1,0 1,0 1,0 1,0 a 1,0 1,0 1,0 3,0 1,0 1,0 3,0 1,0 
41616 cg 1 0,0,0,-2244,41123 0 a a a a a 3,0 1,0 1,1,0 1,0 a 1,0 1,0 1,0 1,0 1,0 1,0 1,0 1,0 
41616 ch 1 0,0,0,-7679019,7715502938 0 a a a a a 3,0 1,0 1,1,0 1,0 a 1,1,0 1,0 1,0 1,0 1,0 1,1,0 1,0 1,0 
41616 ch 2 0,0,0,-120874539,511503484250 0 a a a a a 3,0 1,0 1,1,0 1,0 a 1,1,0 1,0 1,0 1,0 1,0 1,1,0 1,0 1,0 
41616 ch 3 0,0,0,-870794859,-9890573357158 0 a a a a a 3,1 1,0 1,1,0 1,0 a 1,1,0 1,0 1,0 1,0 1,0 1,1,0 1,0 1,0 
41616 ch 4 0,0,0,-877869579,-9721689886150 0 a a a a a 3,1 1,0 1,1,0 1,0 a 1,1,0 1,0 1,0 1,0 1,0 1,1,0 1,0 1,0 
41616 ci 1 0,0,0,-1415811,601361026 0 a a a a a 1,0 1,1,0 1,0 1,0 a 1,0 1,1,0 1,0 1,0 1,0 1,0 1,0 1,1,0 
41616 ci 2 0,0,0,-4745091,-3281245310 0 a a a a a 1,0 1,1,0 1,0 1,0 a 1,0 1,1,0 1,0 1,0 1,0 1,0 1,0 1,1,0 
41616 ci 3 0,0,0,9404349,-19108808894 0 a a a a a 1,0 1,1,0 1,0 1,0 a 1,0 1,1,0 1,0 1,0 1,0 1,0 1,0 1,1,0 
41616 ci 4 0,0,0,-72163011,-235940487230 0 a a a a a 1,0 1,1,0 1,0 1,0 a 1,0 1,1,0 1,0 1,0 1,0 1,0 1,0 1,1,0 
41616 ci 5 0,0,0,-68417571,-261524089694 0 a a a a a 1,0 1,1,0 1,0 1,0 a 1,0 1,1,0 1,0 1,0 1,0 1,0 1,0 1,1,0 
41616 ci 6 0,0,0,-1154595171,-15100548367646 0 a a a a a 1,0 1,1,0 1,0 1,0 a 1,0 1,1,0 1,0 1,0 1,0 1,0 1,0 1,1,0 
41616 cj 1 0,0,0,-26571,1570426 0 a a a a a 1,0 3,0 1,1,0 1,0 a 1,1,0 1,0 1,0 1,0 1,0 3,1,0 1,0 1,0 
41616 cj 2 0,0,0,-418251,104112250 0 a a a a a 1,0 3,0 1,1,0 1,0 a 1,1,0 1,0 1,0 1,0 1,0 3,1,0 1,0 1,0 
41616 cj 3 0,0,0,-3013131,-2013143366 0 a a a a a 1,1 3,0 1,1,0 1,0 a 1,1,0 1,0 1,0 1,0 1,0 3,1,0 1,0 1,0 
41616 cj 4 0,0,0,-3037611,-1978768550 0 a a a a a 1,1 3,0 1,1,0 1,0 a 1,1,0 1,0 1,0 1,0 1,0 3,1,0 1,0 1,0 
41616 ck 1 0,0,0,204,799 0 a a a a a 3,0 1,0 1,0 1,0 a 1,0 1,0 1,0 1,0 1,0 3,0 1,0 1,1,0 
41616 cl 1 0,0,0,-28611,795906 0 a a a a a 1,0 1,0 1,1,0 1,0 a 1,0 1,0 1,0 1,0 3,0 1,0 1,0 1,1,0 
41616 cl 2 0,0,0,-236691,-43774830 0 a a a a a 1,0 1,0 1,1,0 1,0 a 1,0 1,0 1,0 1,0 3,0 1,0 1,0 1,1,0 
41616 cl 3 0,0,0,-28611,-118059390 0 a a a a a 1,0 1,0 1,1,0 1,0 a 1,0 1,0 1,0 1,0 3,0 1,0 1,0 1,1,0 
41616 cl 4 0,0,0,-3774051,-2822017374 0 a a a a a 1,0 1,0 1,1,0 1,0 a 1,0 1,0 1,0 1,0 3,0 1,0 1,0 1,1,0 
41616 cm 1 0,0,0,235824,-22717712 0 a a a a a 1,0 1,0 1,0 1,0 a 1,0 1,0 1,0 1,0 1,0 1,0 1,0 1,0 
41616 cm 2 0,0,0,-35137776,-80170805648 0 a a a a a 1,1 1,0 1,0 1,0 a 1,0 1,0 1,0 1,0 1,0 1,0 1,0 1,0 
41616 cn 1 0,0,0,27744,-8568272 0 a a a a a 1,0 3,0 1,0 1,0 a 1,0 1,0 1,0 1,0 1,0 1,0 3,0 1,0 
41616 cn 2 0,0,0,-2469216,-1494259472 0 a a a a a 1,0 3,0 1,0 1,0 a 1,0 1,0 1,0 1,0 1,0 1,0 3,0 1,0 
41616 co 1 0,0,0,816,-4624 0 a a a a a 3,0 3,0 1,0 1,0 a 1,0 1,0 1,0 1,0 1,0 1,0 1,0 1,0 
41616 co 2 0,0,0,-121584,-16318096 0 a a a a a 3,1 3,0 1,0 1,0 a 1,0 1,0 1,0 1,0 1,0 1,0 1,0 1,0 
41616 cp 1 0,0,0,-230979,-42962366 0 a a a a a 1,0 1,0 1,0 1,0 a 1,0 1,0 1,0 1,0 1,0 1,0 1,0 1,0 
41616 cp 2 0,0,0,-18737859,-31219652414 0 a a a a a 1,0 1,0 1,0 1,0 a 1,0 1,0 1,0 1,0 1,0 1,0 1,0 1,0 
41616 cq 1 0,0,0,-250563,411758530 0 a a a a a 1,0 1,0 1,0 1,0 a 1,0 1,0 1,0 1,0 1,0 1,0 1,0 1,0 
41616 cr 1 0,0,0,-104907,8302970 0 a a a a a 1,0 3,0 1,1,0 1,0 a 1,0 1,0 1,0 1,0 1,0 1,0 1,0 1,0 
41616 cr 2 0,0,0,311253,57826010 0 a a a a a 1,0 3,0 1,1,0 1,0 a 1,0 1,0 1,0 1,0 1,0 1,0 1,0 1,0 
41616 cs 1 0,0,0,810645,66315674 0 a a a a a 0,0,0 2,0 0,0,0 0,0 a 0,0 0,0 0,0,0 0,0 0,0 0,0 0,0 0,0 
41616 cs 2 0,0,0,-9801435,-13319762038 0 a a a a a 0,0,0 2,0 0,0,0 0,0 a 0,0 0,0 0,0,0 0,0 0,0 0,0 0,0 0,0 
41616 ct 1 0,0,0,103173,-135471062 0 a a a a a 2,0 0,0 0,0 0,0 a 0,0 0,0 0,0 0,0 0,0 0,0 0,0 0,0 
41616 cu 1 0,0,0,58956,3925487 0 a a a a a 2,0 4,0 2,0 4,0 a 2,0 2,0 2,0 2,0 2,0 2,0 2,0 2,2,0 
41616 cv 1 0,0,0,-648516,202037299 0 a a a a a 0,0 0,0 0,0,0 0,0 a 0,0 0,0 0,0 0,0 0,0 0,0 2,0 0,0 
41616 cw 1 0,0,0,-66752931,-211074104158 0 a a a a a 0,0 2,0 0,0 0,0 a 0,0 0,0 0,0 0,0 0,0 0,0 0,0 0,0 
41616 cw 2 0,0,0,-5415241251,-153382152309982 0 a a a a a 0,0 2,0 0,0 0,0 a 0,0 0,0 0,0 0,0 0,0 0,0 0,0 0,0 
41616 cx 1 0,0,0,-867,83810 0 a a a a a 2,0 2,0 2,0 2,0 a 2,0 2,0 2,0 2,0 2,0 2,0 2,0 2,0 
42025 a 1 1,-1,0,-911417,334871616 0 a a o? 3,1,0 a 1,0 1,1,0 1,0 1,0 1,1,0 1,0 1,0 1,3,0 1,0 a 1,0 1,0 
42025 a 2 1,-1,0,-1121542,169082991 0 a a o? 3,1,0 a 1,0 1,1,0 1,0 1,0 1,1,0 1,0 1,0 1,3,0 1,0 a 1,0 1,0 
42025 a 3 1,-1,0,4131583,1298504866 0 a a o? 3,1,0 a 1,0 1,1,0 1,0 1,0 1,1,0 1,0 1,0 1,3,0 1,0 a 1,0 1,0 
42025 a 4 1,-1,0,-9736667,-11573332384 0 a a o? 3,1,0 a 1,0 1,1,0 1,0 1,0 1,1,0 1,0 1,0 1,3,0 1,0 a 1,0 1,0 
42025 b 1 1,1,0,-883400,-319676125 0 a a o? 1,0 a 1,0 1,0 1,0 1,0 1,0 1,0 1,0 1,1,0 1,0 a 1,0 1,0 
42025 b 2 1,1,0,-673275,-475378750 0 a a o? 1,0 a 1,0 1,0 1,0 1,0 1,0 1,0 1,0 1,1,0 1,0 a 1,0 1,0 
42025 c 1 1,1,1,-105938,-233594 0 a a o? 1,0 a 5,0 1,1,0 1,0 1,0 1,1,0 1,0 1,0 1,1,0 1,0 a 1,0 1,0 
42025 c 2 1,1,1,-1156563,476750156 0 a a o? 1,0 a 5,0 1,1,0 1,0 1,0 1,1,0 1,0 1,0 1,1,0 1,0 a 1,0 1,0 
42849 a 1 1,-1,0,20532,3064373 0 a a o? a 0,0 0,0 0,0 0,0 2,0 0,0 a 0,0 0,0 0,0 0,0 0,0 0,0 
42849 b 1 1,-1,0,39,-262 0 a a o? a 0,0 0,0 0,0 0,0 0,0 0,0 a 0,0 0,0 0,0 0,0 0,0 0,0 
42849 c 1 1,-1,1,4,8 0 a a o? a 0,0 0,0 0,0 0,0 2,0 0,0 a 2,0 0,0 0,0 0,0 0,0 0,0 
42849 d 1 1,-1,1,2281,-114256 0 a a o? a 0,0 0,0 0,0 0,0 0,0 0,0 a 2,0 0,0 0,0 0,0 0,0 0,0 
43264 a 1 0,0,0,-338,0 0 a a a 1,1,0 3,0 1,3,0 1,1,0 a 1,0 1,1,0 1,1,0 1,0 1,1,0 1,0 1,0 1,1,0 1,1,0 
43264 a 2 0,0,0,1352,0 0 a a a 1,1,0 3,0 1,3,0 1,1,0 a 1,0 1,1,0 1,1,0 1,0 1,1,0 1,0 1,0 1,1,0 1,1,0 
43264 b 1 0,1,0,789,-1039 0 a a a 1,0 1,0 1,0 3,0 a 1,0 1,0 3,0 1,0 1,0 1,0 1,0 1,0 1,0 
43264 c 1 0,1,0,-4957,149371 0 a a a 1,0 1,0 1,0 1,1,0 a 1,0 1,0 1,0 1,0 1,0 1,0 1,0 1,0 1,0 
43264 c 2 0,1,0,-4957,-11661701 0 a a a 1,0 1,1 1,0 1,1,0 a 1,0 1,0 1,0 1,0 1,0 1,0 1,0 1,0 1,0 
43264 d 1 0,-1,0,789,1039 0 a a a 1,0 1,0 1,0 1,0 a 1,0 1,0 1,0 1,0 1,0 1,0 1,0 1,0 1,0 
43264 e 1 0,-1,0,-1239,19291 0 a a a 1,0 1,0 1,0 1,1,0 a 1,0 1,0 1,0 1,0 1,0 1,0 1,0 1,0 1,0 
43264 e 2 0,-1,0,-1239,-1457093 0 a a a 1,0 1,1 1,0 1,1,0 a 1,0 1,0 1,0 1,0 1,0 1,0 1,0 1,0 1,0 
43264 f 1 0,1,0,-563,4369 0 a a a 5,0 1,1,0 1,1,0 1,0 a 1,0 1,0 1,1,0 1,1,0 1,1,0 1,1,0 1,0 1,0 1,1,0 
43264 f 2 0,1,0,-2253,-37205 0 a a a 5,0 1,1,0 1,1,0 1,0 a 1,0 1,0 1,1,0 1,1,0 1,1,0 1,1,0 1,0 1,0 1,1,0 
43264 g 1 0,0,0,-19942,-1089712 0 a a a 1,1,0 1,0 3,0 1,0 a 1,0 1,1,0 1,0 1,0 1,1,0 1,0 1,0 1,0 1,0 
43264 h 1 0,0,0,-19942,1089712 0 a a a 1,1,0 1,0 1,0 1,0 a 1,0 1,1,0 1,0 1,0 1,1,0 1,0 1,0 1,0 1,0 
43264 i 1 0,0,0,26,0 3 a a a 
43264 i 2 0,0,0,-104,0 3 a a a 
43264 j 1 0,0,0,4394,0 3 a a a 
43264 j 2 0,0,0,-17576,0 3 a a a 
43264 k 1 0,1,0,1465,110501 0 a a a 2,0 2,0 0,0 0,0 a 0,0 0,0,0 0,0 0,0 0,0,0 0,0 0,0 0,0 0,0 
43264 k 2 0,1,0,-1053095,415607141 0 a a a 2,0 2,0 0,0 0,0 a 0,0 0,0,0 0,0 0,0 0,0,0 0,0 0,0 0,0 0,0 
43264 l 1 0,1,0,9,53 0 a a a 2,0 2,0 2,0 4,0 a 2,0 2,2,0 2,0 2,0 2,2,0 2,0 2,0 2,0 2,0 
43264 l 2 0,1,0,-6231,187253 0 a a a 2,0 2,0 2,0 4,0 a 2,0 2,2,0 2,0 2,0 2,2,0 2,0 2,0 2,0 2,0 
43264 m 1 0,-1,0,35,389 0 a a a 2,0 2,0 2,0 2,0 a 2,0 2,2,0 2,0 2,0 2,2,0 2,0 2,0 2,0 2,0 
43264 m 2 0,-1,0,-24925,1522949 0 a a a 2,0 2,0 2,0 2,0 a 2,0 2,2,0 2,0 2,0 2,2,0 2,0 2,0 2,0 2,0 
43264 n 1 0,-1,0,5859,878149 0 a a a 0,0 0,0 0,0 0,0 a 0,0 0,0,0 0,0 0,0 0,0,0 0,0 0,0 0,0 0,0 
43264 n 2 0,-1,0,-4212381,3329069509 0 a a a 0,0 0,0 0,0 0,0 a 0,0 0,0,0 0,0 0,0 0,0,0 0,0 0,0 0,0 0,0 
43264 o 1 0,0,0,338,0 3 a a a 
43264 o 2 0,0,0,-1352,0 3 a a a 
43264 p 1 0,1,0,3155,11467 0 a a a 2,0 2,0 0,0 0,0 a 2,0 0,0 0,0 0,0 0,0 2,0 0,0 0,0 0,0 
43264 q 1 0,1,0,-1239,-19291 0 a a a 4,0 0,0 0,0 0,0,0 a 0,0 0,0 0,0 0,0 0,0 0,0 0,0 0,0 0,0 
43264 q 2 0,1,0,-1239,1457093 0 a a a 4,0 0,0 0,0 0,0,0 a 0,0 0,0 0,0 0,0 0,0 0,0 0,0 0,0 0,0 
43264 r 1 0,-1,0,3155,-11467 0 a a a 0,0 2,0 4,0 0,0 a 2,0 0,0 0,0 0,0 0,0 2,0 0,0 0,0 0,0 
43264 s 1 0,-1,0,-4957,-149371 0 a a a 2,0 2,0 2,0 2,2,0 a 2,0 2,0 2,0 2,0 2,0 2,0 2,0 2,0 2,0 
43264 s 2 0,-1,0,-4957,11661701 0 a a a 2,0 2,0 2,0 2,2,0 a 2,0 2,0 2,0 2,0 2,0 2,0 2,0 2,0 2,0 
43264 t 1 0,-1,0,-563,-4369 3 a a a 
43264 t 2 0,-1,0,-2253,37205 3 a a a 
43264 u 1 0,0,0,-79768,8717696 0 a a a 0,0,0 0,0 0,0 0,0 a 2,0 0,0,0 0,0 0,0 0,0,0 0,0 0,0 0,0 0,0 
43264 v 1 0,0,0,-79768,-8717696 0 a a a 0,0,0 0,0 0,0 0,0 a 2,0 0,0,0 0,0 0,0 0,0,0 0,0 0,0 0,0 0,0 
43264 w 1 0,0,0,-4394,0 0 a a a 3,1,0 3,0 1,1,0 1,1,0 a 1,0 1,1,0 1,1,0 1,0 1,1,0 1,0 1,0 1,1,0 1,1,0 
43264 w 2 0,0,0,17576,0 0 a a a 3,1,0 3,0 1,1,0 1,1,0 a 1,0 1,1,0 1,1,0 1,0 1,1,0 1,0 1,0 1,1,0 1,1,0 
43264 x 1 0,0,0,-26,0 0 a a a 3,3,0 1,0 1,3,0 1,1,0 a 1,0 1,1,0 1,1,0 1,0 1,1,0 1,0 1,0 3,1,0 1,1,0 
43264 x 2 0,0,0,104,0 0 a a a 3,3,0 1,0 1,3,0 1,1,0 a 1,0 1,1,0 1,1,0 1,0 1,1,0 1,0 1,0 3,1,0 1,1,0 
43264 y 1 0,1,0,35,-389 0 a a a 5,0 3,0 1,0 1,0 a 1,0 3,1,0 1,0 1,0 1,1,0 1,0 3,0 1,0 3,0 
43264 y 2 0,1,0,-24925,-1522949 0 a a a 5,0 3,1 1,0 1,0 a 1,0 3,1,0 1,0 1,0 1,1,0 1,0 3,0 1,0 3,0 
43264 z 1 0,1,0,5859,-878149 0 a a a 3,0 1,0 1,0 1,0 a 1,0 1,1,0 1,0 1,0 1,1,0 1,0 1,0 1,0 1,0 
43264 z 2 0,1,0,-4212381,-3329069509 0 a a a 3,0 1,1 1,0 1,0 a 1,0 1,1,0 1,0 1,0 1,1,0 1,0 1,0 1,0 1,0 
43264 ba 1 0,-1,0,1465,-110501 0 a a a 3,0 3,0 1,0 1,0 a 1,0 1,1,0 1,0 1,0 1,1,0 1,0 1,0 1,0 1,0 
43264 ba 2 0,-1,0,-1053095,-415607141 0 a a a 3,0 3,1 1,0 1,0 a 1,0 1,1,0 1,0 1,0 1,1,0 1,0 1,0 1,0 1,0 
43264 bb 1 0,-1,0,9,-53 0 a a a 7,0 1,0 1,0 1,0 a 1,0 1,1,0 1,0 1,0 1,1,0 1,0 1,0 1,0 1,0 
43264 bb 2 0,-1,0,-6231,-187253 0 a a a 7,0 1,1 1,0 1,0 a 1,0 1,1,0 1,0 1,0 1,1,0 1,0 1,0 1,0 1,0 
43681 a 1 1,-1,0,-248,-1303 0 a a o? 5,5,0 1,0 1,0 a 1,0 1,0 a 1,0 1,0 1,0 1,0 1,0 1,0 1,0 
43681 b 1 1,-1,1,-30031,1824364 0 a a o? 1,3,0 1,0 1,0 a 1,0 5,0 a 1,0 1,0 1,0 1,0 1,0 1,0 1,0 
43681 c 1 0,1,1,-2647,-54675 0 a a s? 2,0 2,0 2,2,0 a 2,2,0 2,2,0 a 2,0 2,2,0 2,0 2,0 2,2,0 2,2,0 2,0 
43681 c 2 0,1,1,-320327,71490832 0 a a s? 2,0 2,0 2,2,0 a 2,2,0 2,2,0 a 2,0 2,2,0 2,0 2,0 2,2,0 2,2,0 2,0 
43681 d 1 1,-1,0,-10841078,-12459109107 0 a a o? 0,0,0 2,0 0,0 a 0,0 0,0 a 0,0 0,0 0,0 0,0 0,0 0,0 0,0 
43681 e 1 1,-1,1,-89596,9385148 0 a a o? 0,0,0 0,0 2,0 a 0,0 0,0 a 0,0 0,0 0,0 0,0 0,0 0,0 0,0 
43681 f 1 0,0,1,3971,-207485 0 a a s? 0,0,0 0,0 0,0 a 0,0 0,0 a 0,0 0,0 0,0 0,0 0,0 0,0 0,0 
43681 g 1 0,0,1,480491,276162202 0 a a s? 0,0,0 0,0 0,0 a 0,0 0,0 a 0,0 0,0 0,0 0,0 0,0 0,0 0,0 
43681 h 1 0,0,1,-4598,-120123 0 a a s? 0,0,0 0,0 0,0 a 0,0,0 0,0 a 0,0 0,0,0 0,0,0 0,0,0 0,0,0 2,0 0,0 
43681 h 2 0,0,1,-1659878,823921942 0 a a s? 0,0,0 0,0 0,0 a 0,0,0 0,0 a 0,0 0,0,0 0,0,0 0,0,0 0,0,0 2,0 0,0 
43681 i 1 0,-1,1,-1193947,587633617 0 a a s? 1,0 3,0 3,0 a 1,0 1,1,0 a 1,0 1,0 1,0 1,0 1,1,0 1,0 1,1,0 
43681 i 2 0,-1,1,8415873,-3399000210 0 a a s? 1,1 3,0 3,0 a 1,0 1,1,0 a 1,0 1,0 1,0 1,0 1,1,0 1,0 1,1,0 
43681 j 1 0,-1,1,29121,-94238 0 a a s? 1,0 1,0 1,0 a 1,0 1,0 a 1,1,0 1,0 1,0 1,0 1,0 1,0 1,0 
43681 j 2 0,-1,1,-407689,-106457473 0 a a s? 1,1 1,0 1,0 a 1,0 1,0 a 1,1,0 1,0 1,0 1,0 1,0 1,0 1,0 
43681 j 3 0,-1,1,-33605249,-74971104968 0 a a s? 1,2 1,0 1,0 a 1,0 1,0 a 1,1,0 1,0 1,0 1,0 1,0 1,0 1,0 
43681 k 1 1,0,1,-10838,433365 0 a a o? 1,0 1,0 1,0 a 1,0 1,0 a 1,0 1,0 1,0 1,0 1,0 1,1,0 1,0 
43681 k 2 1,0,1,-110113,-54985911 0 a a o? 1,0 1,0 1,0 a 1,0 1,0 a 1,0 1,0 1,0 1,0 1,0 1,1,0 1,0 
43681 l 1 1,0,0,-910,41229 0 a a o? 1,0 1,0 1,0 a 1,0 1,0 a 1,0 3,0 1,0 1,0 1,0 1,1,0 1,0 
43681 l 2 1,0,0,-1311340,-578120487 0 a a o? 1,0 1,0 1,0 a 1,0 1,0 a 1,0 3,0 1,0 1,0 1,0 1,1,0 1,0 
43681 m 1 0,1,1,-14560,1601232 0 a a s? 1,0 3,0 3,0 a 1,0 1,0 a 1,0 1,1,0 1,0 1,0 1,0 1,0 1,0 
43681 m 2 0,1,1,-451370,-211562048 0 a a s? 1,0 3,1 3,0 a 1,0 1,0 a 1,0 1,1,0 1,0 1,0 1,0 1,0 1,0 
43681 m 3 0,1,1,-341599980,-2430217915988 0 a a s? 1,0 3,2 3,0 a 1,0 1,0 a 1,0 1,1,0 1,0 1,0 1,0 1,0 1,0 
44100 a 1 0,0,0,0,980 0 a a a a a a a a 0,0,0 0,0 0,0,0 0,0 0,0,0 0,0,0 0,0 2,0 0,0,0 0,0 0,0,0 
44100 a 2 0,0,0,0,-26460 0 a a a a a a a a 0,0,0 0,0 0,0,0 0,0 0,0,0 0,0,0 0,0 2,0 0,0,0 0,0 0,0,0 
44100 b 1 0,0,0,0,153125 0 a a a a a a a a 0,0,0 0,0 0,0,0 0,0 0,0,0 0,0,0 0,0 2,0 0,0,0 0,0 0,0,0 
44100 b 2 0,0,0,0,-4134375 0 a a a a a a a a 0,0,0 0,0 0,0,0 0,0 0,0,0 0,0,0 0,0 2,0 0,0,0 0,0 0,0,0 
44100 c 1 0,0,0,0,1200500 0 a a a a a a a a 0,0,0 0,0 0,0,0 0,0 0,0,0 0,0,0 0,0 0,0 0,0,0 0,0 0,0,0 
44100 c 2 0,0,0,0,-32413500 0 a a a a a a a a 0,0,0 0,0 0,0,0 0,0 0,0,0 0,0,0 0,0 0,0 0,0,0 0,0 0,0,0 
44100 d 1 0,0,0,0,12005 0 a a a a a a a a 0,0,0 0,0 0,0,0 0,0 0,0,0 0,0,0 0,0 0,0 0,0,0 0,0 0,0,0 
44100 d 2 0,0,0,0,-324135 0 a a a a a a a a 0,0,0 0,0 0,0,0 0,0 0,0,0 0,0,0 0,0 0,0 0,0,0 0,0 0,0,0 
44100 e 1 0,0,0,0,-42875 0 a a a a a a a a 1,1,0 1,0 1,3,0 1,0 1,3,0 1,1,0 1,0 1,0 1,1,0 1,0 1,1,0 
44100 e 2 0,0,0,-18375,-943250 0 a a a a a a a a 1,1,0 1,0 1,3,0 1,0 1,3,0 1,1,0 1,0 1,0 1,1,0 1,0 1,1,0 
44100 e 3 0,0,0,0,1157625 0 a a a a a a a a 1,1,0 1,0 1,3,0 1,0 1,3,0 1,1,0 1,0 1,0 1,1,0 1,0 1,1,0 
44100 e 4 0,0,0,-165375,25467750 0 a a a a a a a a 1,1,0 1,0 1,3,0 1,0 1,3,0 1,1,0 1,0 1,0 1,1,0 1,0 1,1,0 
44100 f 1 0,0,0,0,-336140 0 a a a a a a a a 1,1,0 1,0 1,1,0 1,0 1,1,0 1,1,0 1,0 3,0 1,1,0 1,0 1,1,0 
44100 f 2 0,0,0,0,9075780 0 a a a a a a a a 1,1,0 1,0 1,1,0 1,0 1,1,0 1,1,0 1,0 3,0 1,1,0 1,0 1,1,0 
44100 g 1 0,0,0,-161700,-20622875 0 a a a a a a a a 1,1,0 1,0 1,0 1,0 1,0 1,1,0 1,0 1,0 1,0 1,0 1,1,0 
44100 g 2 0,0,0,-2458575,-1483732250 0 a a a a a a a a 1,1,0 1,0 1,0 1,0 1,0 1,1,0 1,0 1,0 1,0 1,0 1,1,0 
44100 g 3 0,0,0,-3836700,2890589625 0 a a a a a a a a 1,1,0 1,0 1,0 1,0 1,0 1,1,0 1,0 1,0 1,0 1,0 1,1,0 
44100 g 4 0,0,0,-4663575,1553532750 0 a a a a a a a a 1,1,0 1,0 1,0 1,0 1,0 1,1,0 1,0 1,0 1,0 1,0 1,1,0 
44100 h 1 0,0,0,-426300,-107058875 0 a a a a a a a a 1,1,0 1,0 1,0 1,0 1,0 1,1,0 1,0 1,0 1,0 1,0 1,1,0 
44100 h 2 0,0,0,-518175,-57538250 0 a a a a a a a a 1,1,0 1,0 1,0 1,0 1,0 1,1,0 1,0 1,0 1,0 1,0 1,1,0 
44100 h 3 0,0,0,-1455300,556817625 0 a a a a a a a a 1,1,0 1,0 1,0 1,0 1,0 1,1,0 1,0 1,0 1,0 1,0 1,1,0 
44100 h 4 0,0,0,-22127175,40060770750 0 a a a a a a a a 1,1,0 1,0 1,0 1,0 1,0 1,1,0 1,0 1,0 1,0 1,0 1,1,0 
44100 i 1 0,0,0,0,-52521875 0 a a a a a a a a 1,1,0 1,0 1,3,0 3,0 1,1,0 1,1,0 1,0 3,0 1,1,0 1,0 1,1,0 
44100 i 2 0,0,0,0,1418090625 0 a a a a a a a a 1,1,0 1,0 1,3,0 3,0 1,1,0 1,1,0 1,0 3,0 1,1,0 1,0 1,1,0 
44100 j 1 0,0,0,0,-3500 0 a a a a a a a a 1,1,0 1,0 3,1,0 3,0 1,1,0 1,1,0 1,0 1,0 1,1,0 1,0 1,1,0 
44100 j 2 0,0,0,0,94500 0 a a a a a a a a 1,1,0 1,0 3,1,0 3,0 1,1,0 1,1,0 1,0 1,0 1,1,0 1,0 1,1,0 
44100 k 1 0,0,0,0,-35 0 a a a a a a a a 1,1,0 1,0 1,1,0 1,0 1,1,0 1,1,0 1,0 1,0 1,1,0 1,0 1,1,0 
44100 k 2 0,0,0,0,945 0 a a a a a a a a 1,1,0 1,0 1,1,0 1,0 1,1,0 1,1,0 1,0 1,0 1,1,0 1,0 1,1,0 
44100 l 1 0,0,0,0,-4287500 0 a a a a a a a a 1,1,0 1,0 1,1,0 1,0 1,1,0 1,1,0 1,0 1,0 1,1,0 1,0 1,1,0 
44100 l 2 0,0,0,0,115762500 0 a a a a a a a a 1,1,0 1,0 1,1,0 1,0 1,1,0 1,1,0 1,0 1,0 1,1,0 1,0 1,1,0 
44100 m 1 0,0,0,-132300,10418625 0 a a a a a a a a 1,0 1,1,0 3,0 1,0 3,0 1,1,0 1,0 1,0 1,0 1,0 3,0 
44100 m 2 0,0,0,-959175,-354233250 0 a a a a a a a a 1,0 1,1,0 3,0 1,0 3,0 1,1,0 1,0 1,0 1,0 1,0 3,0 
44100 n 1 0,0,0,-4200,104125 0 a a a a a a a a 1,0 1,0 1,0 1,1,0 1,0 1,1,0 1,0 1,0 1,0 1,0 1,0 
44100 n 2 0,0,0,-1575,232750 0 a a a a a a a a 1,0 1,0 1,0 1,1,0 1,0 1,1,0 1,0 1,0 1,0 1,0 1,0 
44100 o 1 0,0,0,-205800,-35714875 0 a a a a a a a a 1,0 1,0 1,0 1,1,0 1,0 1,1,0 1,0 1,0 1,0 1,0 1,0 
44100 o 2 0,0,0,-77175,-79833250 0 a a a a a a a a 1,0 1,0 1,0 1,1,0 1,0 1,1,0 1,0 1,0 1,0 1,0 1,0 
44100 p 1 0,0,0,-14700,-385875 0 a a a a a a a a 3,0 1,3,0 1,0 1,0 1,0 1,1,0 1,0 1,0 1,0 1,0 1,0 
44100 p 2 0,0,0,-106575,13119750 0 a a a a a a a a 3,0 1,3,0 1,0 1,0 1,0 1,1,0 1,0 1,0 1,0 1,0 1,0 
44100 q 1 0,0,0,-37800,-2811375 0 a a a a a a a a 1,0 1,0 1,0 1,1,0 1,0 1,1,0 1,0 1,0 1,0 1,0 1,0 
44100 q 2 0,0,0,-14175,-6284250 0 a a a a a a a a 1,0 1,0 1,0 1,1,0 1,0 1,1,0 1,0 1,0 1,0 1,0 1,0 
44100 r 1 0,0,0,-1852200,964301625 0 a a a a a a a a 1,0 1,0 1,0 1,1,0 1,0 1,3,0 1,0 1,0 1,0 1,0 1,0 
44100 r 2 0,0,0,-694575,2155497750 0 a a a a a a a a 1,0 1,0 1,0 1,1,0 1,0 1,3,0 1,0 1,0 1,0 1,0 1,0 
44100 s 1 0,0,0,0,122500 0 a a a a a a a a 1,1,0 1,0 1,1,0 1,0 1,1,0 1,3,0 1,0 3,0 1,1,0 1,0 1,1,0 
44100 s 2 0,0,0,0,-3307500 0 a a a a a a a a 1,1,0 1,0 1,1,0 1,0 1,1,0 1,3,0 1,0 3,0 1,1,0 1,0 1,1,0 
44100 t 1 0,0,0,0,1225 0 a a a a a a a a 1,1,0 1,0 1,1,0 1,0 1,1,0 1,1,0 1,0 1,0 1,1,0 1,0 1,1,0 
44100 t 2 0,0,0,0,-33075 0 a a a a a a a a 1,1,0 1,0 1,1,0 1,0 1,1,0 1,1,0 1,0 1,0 1,1,0 1,0 1,1,0 
44100 u 1 0,0,0,0,1500625 0 a a a a a a a a 1,1,0 1,0 1,1,0 1,0 1,1,0 1,1,0 1,0 1,0 1,1,0 1,0 1,1,0 
44100 u 2 0,0,0,0,-40516875 0 a a a a a a a a 1,1,0 1,0 1,1,0 1,0 1,1,0 1,1,0 1,0 1,0 1,1,0 1,0 1,1,0 
44100 v 1 0,0,0,0,-42017500 0 a a a a a a a a 0,0,0 0,0 0,0,0 0,0 0,0,0 0,0,0 0,0 0,0 0,0,0 0,0 0,0,0 
44100 v 2 0,0,0,0,1134472500 0 a a a a a a a a 0,0,0 0,0 0,0,0 0,0 0,0,0 0,0,0 0,0 0,0 0,0,0 0,0 0,0,0 
44100 w 1 0,0,0,0,-420175 0 a a a a a a a a 0,0,0 0,0 0,0,0 2,0 0,0,0 0,0,0 0,0 0,0 0,0,0 0,0 0,0,0 
44100 w 2 0,0,0,0,11344725 0 a a a a a a a a 0,0,0 0,0 0,0,0 2,0 0,0,0 0,0,0 0,0 0,0 0,0,0 0,0 0,0,0 
44100 x 1 0,0,0,0,-4375 0 a a a a a a a a 0,0,0 0,0 0,0,0 0,0 0,0,0 0,0,0 0,0 0,0 0,0,0 0,0 0,0,0 
44100 x 2 0,0,0,0,118125 0 a a a a a a a a 0,0,0 0,0 0,0,0 0,0 0,0,0 0,0,0 0,0 0,0 0,0,0 0,0 0,0,0 
44100 y 1 0,0,0,0,-34300 0 a a a a a a a a 0,0,0 0,0 0,0,0 0,0 0,0,0 0,0,0 0,0 0,0 0,0,0 0,0 0,0,0 
44100 y 2 0,0,0,0,926100 0 a a a a a a a a 0,0,0 0,0 0,0,0 0,0 0,0,0 0,0,0 0,0 0,0 0,0,0 0,0 0,0,0 
44100 z 1 0,0,0,205800,-267711500 0 a a a a a a a a 1,0 1,0 1,0 1,0 1,0 1,1,0 1,0 1,0 1,0 1,0 1,0 
44100 ba 1 0,0,0,-77175,16206750 0 a a a a a a a a 1,0 3,0 1,0 1,1,0 1,0 1,0 1,0 1,0 3,0 1,0 1,0 
44100 bb 1 0,0,0,-10290000,-12935387500 0 a a a a a a a a 1,0 1,0 3,0 1,0 1,0 1,0 1,0 1,0 1,0 1,0 1,0 
44100 bc 1 0,0,0,29400,416500 0 a a a a a a a a 1,0 1,0 1,0 1,0 1,0 1,0 1,0 1,0 1,0 1,0 1,0 
44100 bd 1 0,0,0,-25725,300125 0 a a a a a a a a 1,0 1,0 1,0 1,0 1,0 1,0 1,0 1,0 1,0 1,0 1,0 
44100 bd 2 0,0,0,-1569225,756615125 0 a a a a a a a a 1,0 1,0 1,0 1,0 1,0 1,0 1,0 1,0 1,0 1,0 1,0 
44100 be 1 0,0,0,-5350800,4788794500 0 a a a a a a a a 1,0 1,0 1,0 1,0 1,0 1,0 3,0 1,0 1,0 1,0 1,0 
44100 bf 1 0,0,0,-224175,-40878250 0 a a a a a a a a 1,0 1,0 1,0 1,0 1,0 1,0 1,0 1,0 1,0 1,0 1,1,0 
44100 bf 2 0,0,0,216825,-173619250 0 a a a a a a a a 1,0 1,0 1,0 1,0 1,0 1,0 1,0 1,0 1,0 1,0 1,1,0 
44100 bg 1 0,0,0,-14700,471625 5 a a a a a a 
44100 bg 2 0,0,0,40425,3172750 5 a a a a a a 
44100 bg 3 0,0,0,-455700,-118377875 5 a a a a a a 
44100 bg 4 0,0,0,-400575,-148090250 5 a a a a a a 
44100 bh 1 0,0,0,-25725,1596665 0 a a a a a a a a 2,0 0,0 0,0 0,0,0 0,0 0,0 0,0 0,0 0,0 0,0 0,0 
44100 bi 1 0,0,0,459375,-56809375 0 a a a a a a a a 2,0 0,0 0,0,0 0,0 2,0 0,0 0,0 0,0 0,0 2,0 0,0 
44100 bj 1 0,0,0,-525,-4655 0 a a a a a a a a 2,0 0,0 0,0 0,0,0 0,0 0,0 0,0 0,0 0,0 0,0 0,0 
44100 bk 1 0,0,0,-1772085,910889665 0 a a a a a a a a 2,0 0,0 0,0 0,0 2,0 0,0 0,0 0,0 0,0,0 2,0 0,0 
44100 bl 1 0,0,0,4200,24500 0 a a a a a a a a 2,0 0,0 2,0 0,0 0,0 0,0 0,0 0,0 0,0 0,0 0,0 
44100 bm 1 0,0,0,205800,-8403500 0 a a a a a a a a 2,0 0,0 0,0 0,0 0,0 0,0 0,0 0,0 0,0 0,0 0,0 
44100 bn 1 0,0,0,735,-70315 0 a a a a a a a a 0,0 0,0 0,0 0,0 0,0 0,0 0,0 0,0 0,0 0,0 0,0 
44100 bo 1 0,0,0,4200,780500 0 a a a a a a a a 0,0 2,0 0,0 2,0 0,0 0,0,0 0,0 0,0 0,0 0,0 0,0 
44100 bp 1 0,0,0,-6232800,5989080125 3 a a a a a 
44100 bp 2 0,0,0,-5957175,6542810750 3 a a a a a 
44100 bq 1 0,0,0,-1575,-47250 0 a a a a a a a a 0,0 0,0 0,0 0,0,0 0,0 0,0 0,0 0,0 0,0 0,0 0,0 
44100 br 1 0,0,0,-210000,37712500 0 a a a a a a a a 0,0 0,0 0,0 0,0 0,0 0,0 0,0 0,0 0,0 2,0 0,0 
44100 bs 1 0,0,0,1440600,-142859500 0 a a a a a a a a 0,0 0,0 0,0 2,0 0,0 0,0 0,0 2,0 0,0 0,0 0,0 
44100 bt 1 0,0,0,-16772700,-22792392875 3 a a a a a 
44100 bt 2 0,0,0,-257944575,-1594509502250 3 a a a a a 
44100 bu 1 0,0,0,-58800,2015125 3 a a a a a 
44100 bu 2 0,0,0,216825,15520750 3 a a a a a 
44100 bv 1 0,0,0,-102900,-10504375 5 a a a a a a 
44100 bv 2 0,0,0,-488775,121850750 5 a a a a a a 
44100 bw 1 0,0,0,-44776200,76676749625 5 a a a a a a 
44100 bw 2 0,0,0,127489425,524050577750 5 a a a a a a 
44100 bx 1 0,0,0,-342300,66450125 3 a a a a a 
44100 bx 2 0,0,0,-5264175,4648715750 3 a a a a a 
44100 by 1 0,0,0,-2100,30625 0 a a a a a a a a 2,0 2,0 2,0 2,0 2,0 2,0 2,0 2,0 2,0 2,0 2,0 
44100 by 2 0,0,0,-9975,-355250 0 a a a a a a a a 2,0 2,0 2,0 2,0 2,0 2,0 2,0 2,0 2,0 2,0 2,0 
44100 bz 1 0,0,0,-14700,-2786875 3 a a a a a 
44100 bz 2 0,0,0,-400575,-97326250 3 a a a a a 
44100 ca 1 0,0,0,-525,-875 0 a a a a a a a a 0,0 0,0 0,0 2,0 0,0 0,0 0,0 2,0 0,0 0,0 0,0 
44100 ca 2 0,0,0,-32025,-2205875 0 a a a a a a a a 0,0 0,0 0,0 2,0 0,0 0,0 0,0 2,0 0,0 0,0 0,0 
44100 cb 1 0,0,0,-7258125,8025128125 0 a a a a a a a a 0,0 0,0 0,0 0,0 0,0 0,0 0,0 0,0 0,0,0 2,0 0,0 
44100 cb 2 0,0,0,42354375,3163103125 0 a a a a a a a a 0,0 0,0 0,0 0,0 0,0 0,0 0,0 0,0 0,0,0 2,0 0,0 
44100 cc 1 0,0,0,-13125,-1071875 0 a a a a a a a a 0,0 0,0 0,0 0,0 0,0 0,0 0,0 0,0 0,0 0,0 0,0 
44100 cd 1 0,0,0,-643125,367653125 0 a a a a a a a a 0,0 0,0 0,0 0,0 0,0 0,0 0,0 0,0 0,0 0,0 0,0 
44100 ce 1 0,0,0,-58800,-26925500 0 a a a a a a a a 0,0 0,0 0,0 0,0 0,0 0,0 0,0 0,0 0,0,0 0,0 0,0 
44100 ce 2 0,0,0,-8878800,-10183155500 0 a a a a a a a a 0,0 0,0 0,0 0,0 0,0 0,0 0,0 0,0 0,0,0 0,0 0,0 
44100 cf 1 0,0,0,735,-22295 0 a a a a a a a a 2,0 2,0 2,2,0 2,0 2,0 2,0 2,0 2,0 2,0 2,0 2,0 
44100 cf 2 0,0,0,-43365,-3479735 0 a a a a a a a a 2,0 2,0 2,2,0 2,0 2,0 2,0 2,0 2,0 2,0 2,0 2,0 
44100 cg 1 0,0,0,-109200,-13961500 0 a a a a a a a a 0,0 0,0 0,0 0,0 0,0 0,0 0,0 0,0 0,0 0,0 0,0 
44100 ch 1 0,0,0,352800,245416500 0 a a a a a a a a 0,0 0,0 2,0 0,0 0,0 0,0 0,0 0,0 0,0 0,0 2,0 
44100 ci 1 0,0,0,-2205,46305 0 a a a a a a a a 0,0 0,0 0,0 0,0 0,0 0,0 0,0 0,0 0,0 0,0 0,0 
44100 cj 1 0,0,0,-89985,-10389715 0 a a a a a a a a 0,0 0,0 0,0 0,0 0,0 0,0 0,0 0,0 0,0 0,0 0,0 
44100 ck 1 0,0,0,-4409265,3563672245 0 a a a a a a a a 0,0 0,0 0,0 0,0 0,0 0,0 0,0 0,0 0,0 0,0 0,0 
44100 cl 1 0,0,0,-6894300,6779523625 5 a a a a a a 
44100 cl 2 0,0,0,-16541175,-16382623250 5 a a a a a a 
44100 cm 1 0,0,0,-140700,-19765375 5 a a a a a a 
44100 cm 2 0,0,0,-337575,47762750 5 a a a a a a 
44100 cn 1 0,0,0,73500,-2615375 5 a a a a a a 
44100 cn 2 0,0,0,-312375,-21523250 5 a a a a a a 
44100 cn 3 0,0,0,-1249500,-553644875 5 a a a a a a 
44100 cn 4 0,0,0,-20157375,-34833622250 5 a a a a a a 
44100 co 1 0,0,0,-10984575,14021239750 0 a a a a a a a a 0,0 0,0 0,0 0,0 0,0 0,0 0,0 0,0 0,0 0,0 0,0,0 
44100 co 2 0,0,0,10624425,59551402750 0 a a a a a a a a 0,0 0,0 0,0 0,0 0,0 0,0 0,0 0,0 0,0 0,0 0,0,0 
44100 cp 1 0,0,0,-676200,213474625 0 a a a a a a a a 2,0 2,0 2,0 2,0 2,2,0 2,0 6,0 2,0 2,0 2,0 2,2,0 
44100 cp 2 0,0,0,-400575,389047750 0 a a a a a a a a 2,0 2,0 2,0 2,0 2,2,0 2,0 6,0 2,0 2,0 2,0 2,2,0 
44100 cp 3 0,0,0,-3322200,-2152710875 0 a a a a a a a a 2,0 2,0 2,0 2,0 2,2,0 2,0 6,0 2,0 2,0 2,0 2,2,0 
44100 cp 4 0,0,0,3568425,-9918445250 0 a a a a a a a a 2,0 2,0 2,0 2,0 2,2,0 2,0 6,0 2,0 2,0 2,0 2,2,0 
44100 cq 1 0,0,0,-5880,-253820 0 a a a a a a a a 0,0 0,0 0,0 0,0 0,0 0,0 2,0 0,0 0,0,0 2,0 0,0 
44100 cq 2 0,0,0,-535080,-150652460 0 a a a a a a a a 0,0 0,0 0,0 0,0 0,0 0,0 2,0 0,0 0,0,0 2,0 0,0 
44100 cr 1 0,0,0,-411600,-103483100 0 a a a a a a a a 0,0 0,0 0,0 0,0 0,0 0,0 0,0 0,0 0,0 0,0 0,0 
44100 cs 1 0,0,0,-41160,4621925 0 a a a a a a a a 1,1,0 1,0 1,0 1,0 1,0 1,0 1,0 1,1,0 1,0 1,0 3,1,0 
44100 cs 2 0,0,0,-735735,242861150 0 a a a a a a a a 1,1,0 1,0 1,0 1,0 1,0 1,0 1,0 1,1,0 1,0 1,0 3,1,0 
44100 ct 1 0,0,0,-21000,-1684375 0 a a a a a a a a 1,1,0 1,0 1,0 1,0 1,0 1,0 1,0 1,1,0 3,0 1,0 1,1,0 
44100 ct 2 0,0,0,-375375,-88506250 0 a a a a a a a a 1,1,0 1,0 1,0 1,0 1,0 1,0 1,0 1,1,0 3,0 1,0 1,1,0 
44100 cu 1 0,0,0,-1029000,577740625 0 a a a a a a a a 1,1,0 1,0 1,0 1,0 1,0 1,0 1,0 1,1,0 1,0 1,0 1,1,0 
44100 cu 2 0,0,0,-18393375,30357643750 0 a a a a a a a a 1,1,0 1,0 1,0 1,0 1,0 1,0 1,0 1,1,0 1,0 1,0 1,1,0 
44100 cv 1 0,0,0,-840,-13475 0 a a a a a a a a 1,1,0 1,0 1,0 1,0 1,0 1,0 1,0 1,1,0 1,0 1,0 1,1,0 
44100 cv 2 0,0,0,-15015,-708050 0 a a a a a a a a 1,1,0 1,0 1,0 1,0 1,0 1,0 1,0 1,1,0 1,0 1,0 1,1,0 
44100 cw 1 0,0,0,-882000,-318346875 0 a a a a a a a a 1,1,0 1,0 1,0 1,0 1,0 1,0 1,0 1,0 1,0 1,0 1,0 
44100 cw 2 0,0,0,-606375,-520931250 0 a a a a a a a a 1,1,0 1,0 1,0 1,0 1,0 1,0 1,0 1,0 1,0 1,0 1,0 
44100 cx 1 0,0,0,-35280,-2546775 0 a a a a a a a a 1,1,0 1,0 1,0 1,0 1,0 1,0 1,0 1,0 1,0 1,0 1,0 
44100 cx 2 0,0,0,-24255,-4167450 0 a a a a a a a a 1,1,0 1,0 1,0 1,0 1,0 1,0 1,0 1,0 1,0 1,0 1,0 
44100 cy 1 0,0,0,18375,-454475 0 a a a a a a a a 1,0 1,0 1,1,0 1,0 1,0 1,0 1,0 1,0 1,0 1,0 1,0 
44100 cz 1 0,0,0,-13125,-581875 0 a a a a a a a a 1,0 1,0 1,0 1,1,0 1,0 1,0 1,0 1,0 1,0 1,0 1,0 
44100 da 1 0,0,0,-44302125,113861208125 0 a a a a a a a a 1,0 1,0 3,0 1,0 1,0 1,0 1,0 1,0 1,1,0 1,0 1,0 
44100 db 1 0,0,0,-643125,199583125 0 a a a a a a a a 1,0 1,0 1,0 1,1,0 1,0 1,0 1,0 1,0 1,0 1,0 1,0 
44100 dc 1 0,0,0,18375,-8789375 0 a a a a a a a a 1,0 1,0 1,0 1,0 1,0 1,0 1,0 1,0 1,0 1,0 1,0 
44100 dd 1 0,0,0,-8400,301700 0 a a a a a a a a 1,0 1,0 1,0 1,0 1,0 1,0 1,0 1,0 1,0 1,0 1,0 
44100 de 1 0,0,0,-290325,64201025 0 a a a a a a a a 1,0 1,0 1,0 3,0 1,0 1,0 1,0 1,0 1,1,0 1,0 1,0 
44100 de 2 0,0,0,1694175,25304825 0 a a a a a a a a 1,0 1,0 1,0 3,0 1,0 1,0 1,0 1,0 1,1,0 1,0 1,0 
44100 df 1 0,0,0,-25725,2941225 0 a a a a a a a a 1,0 1,0 1,0 1,0 1,0 1,0 1,0 1,0 1,0 1,0 1,0 
44100 dg 1 0,0,0,-525,-8575 0 a a a a a a a a 1,0 1,0 1,0 1,0 1,0 1,0 1,0 1,0 1,0 1,0 1,0 
44100 dh 1 0,0,0,-17640,926100 0 a a a a a a a a 1,0 1,0 1,0 1,0 1,0 1,0 1,0 1,0 1,0 1,0 1,0 
44100 di 1 0,0,0,-441000,115762500 0 a a a a a a a a 1,0 1,0 1,0 1,0 1,0 1,0 1,0 1,0 1,0 1,0 1,0 
44100 dj 1 0,0,0,18375,-2786875 0 a a a a a a a a 1,0 1,0 1,1,0 1,0 1,0 1,0 1,0 1,0 1,0 3,0 1,0 
44100 dj 2 0,0,0,-1084125,-434966875 0 a a a a a a a a 1,0 1,0 1,1,0 1,0 1,0 1,0 1,0 1,0 1,0 3,0 1,0 
44100 dk 1 0,0,0,-147000,20365625 0 a a a a a a a a 1,0 1,1,0 3,0 1,1,0 1,0 1,0 1,0 1,0 1,0 3,0 1,0 
44100 dk 2 0,0,0,128625,87893750 0 a a a a a a a a 1,0 1,1,0 3,0 1,1,0 1,0 1,0 1,0 1,0 1,0 3,0 1,0 
44100 dl 1 0,0,0,-5880,162925 0 a a a a a a a a 1,0 1,1,0 1,0 1,1,0 1,0 1,0 1,0 1,0 1,0 1,0 1,0 
44100 dl 2 0,0,0,5145,703150 0 a a a a a a a a 1,0 1,1,0 1,0 1,1,0 1,0 1,0 1,0 1,0 1,0 1,0 1,0 
44100 dm 1 0,0,0,-33883500,-126259371875 0 a a a a a a a a 1,0 3,0 1,0 1,0 1,0 1,0 1,0 1,0 1,0 1,0 1,0 
44100 dm 2 0,0,0,-636675375,-6181303756250 0 a a a a a a a a 1,0 3,0 1,0 1,0 1,0 1,0 1,0 1,0 1,0 1,0 1,0 
44100 dn 1 0,0,0,-1355340,-1010074975 0 a a a a a a a a 1,0 1,0 1,0 1,0 1,0 1,0 1,0 1,0 1,0 1,0 1,0 
44100 dn 2 0,0,0,-25467015,-49450430050 0 a a a a a a a a 1,0 1,0 1,0 1,0 1,0 1,0 1,0 1,0 1,0 1,0 1,0 
44100 do 1 0,0,0,73500,-18221875 0 a a a a a a a a 5,0 1,0 1,0 1,0 1,0 1,0 1,0 1,0 1,1,0 1,0 1,0 
44100 do 2 0,0,0,-753375,-220806250 0 a a a a a a a a 5,0 1,0 1,0 1,0 1,0 1,0 1,0 1,0 1,1,0 1,0 1,0 
44100 dp 1 0,0,0,2940,-145775 0 a a a a a a a a 1,0 1,0 1,0 1,0 1,0 1,0 1,0 1,0 1,1,0 1,0 1,0 
44100 dp 2 0,0,0,-30135,-1766450 0 a a a a a a a a 1,0 1,0 1,0 1,0 1,0 1,0 1,0 1,0 1,1,0 1,0 1,0 
44100 dq 1 0,0,0,-55125,5788125 0 a a a a a a a a 1,0 1,0 1,0 1,0 1,0 1,0 1,0 1,0 1,0 1,0 1,0 
44100 dr 1 0,0,0,-110231625,445459030625 0 a a a a a a a a 5,0 1,0 1,0 1,0 1,0 1,0 1,0 1,0 1,0 1,0 1,0 
44100 ds 1 0,0,0,-2249625,-1298714375 0 a a a a a a a a 1,0 1,0 1,0 1,0 1,0 1,0 1,0 1,0 1,0 1,0 1,0 
44100 dt 1 0,0,0,-147000,-31727500 0 a a a a a a a a 1,0 1,0 1,0 3,0 1,0 1,0 1,0 1,0 1,1,0 1,0 1,0 
44100 dt 2 0,0,0,-13377000,-18831557500 0 a a a a a a a a 1,0 1,0 1,0 3,0 1,0 1,0 1,0 1,0 1,1,0 1,0 1,0 
44944 a 1 0,1,0,-88,532 0 a a a 2,0 4,2,0 2,0 2,2,0 2,0 2,0 2,0 2,0 2,4,0 2,0 2,0 2,0 2,0 2,0 
44944 a 2 0,1,0,-8568,302420 0 a a a 2,0 4,2,0 2,0 2,2,0 2,0 2,0 2,0 2,0 2,4,0 2,0 2,0 2,0 2,0 2,0 
44944 b 1 0,1,0,-12720088,22171672852 0 a a a 2,0 0,0,0 0,0 0,0,0 0,0 0,0 0,0 0,0 0,0 0,0 0,0 0,0 0,0 0,0 
44944 b 2 0,1,0,-1105758168,14152300642580 0 a a a 2,0 0,0,0 0,0 0,0,0 0,0 0,0 0,0 0,0 0,0 0,0 0,0 0,0 0,0 0,0 
44944 c 1 0,-1,0,-12172,-977428 0 a a a 0,0 0,0 0,0 0,0 0,0 0,0 0,0 0,0 0,0 0,0 0,0 0,0 0,0 0,0 
44944 d 1 0,-1,0,-338016,-76696832 0 a a a 2,0 0,0 0,0,0 0,0 2,0 0,0 0,0 2,0 0,0 0,0 2,0 0,0 0,0 0,0 
44944 e 1 0,-1,0,-1236896,530226944 0 a a a 0,0 0,0 0,0 0,0 0,0 0,0 0,0 0,0 0,0 0,0 0,0 0,0 0,0 0,0 
44944 f 1 0,-1,0,-48689,4146188 5 a a a 2,0 
44944 f 2 0,-1,0,-34644,6573164 5 a a a 2,0 
44944 g 1 0,1,0,44008,-8730476 0 a a a 2,0 4,0 2,0 2,0 2,0 2,0 2,0 2,0 2,0 2,0 2,0 2,0 2,0 2,2,0 
44944 g 2 0,1,0,-405432,269023444 0 a a a 2,0 4,0 2,0 2,0 2,0 2,0 2,0 2,0 2,0 2,0 2,0 2,0 2,0 2,2,0 
44944 h 1 0,0,0,14045,-3275294 0 a a a 0,0,0 0,0,0 0,0 0,0,0 0,0 0,0 0,0 0,0 0,0 0,0 0,0 0,0 0,0 0,0 
44944 i 1 0,1,0,942888,-30663148 0 a a a 1,0 5,0 1,0 1,0 1,0 1,0 1,0 1,0 1,0 1,1,0 1,0 1,1,0 1,0 1,0 
44944 i 2 0,1,0,-106248552,-421607450572 0 a a a 1,0 5,1 1,0 1,0 1,0 1,0 1,0 1,0 1,0 1,1,0 1,0 1,1,0 1,0 1,0 
44944 j 1 0,-1,0,-248128,83663360 0 a a a 9,0 1,1,0 1,0 1,1,0 1,0 1,0 1,0 1,0 1,1,0 3,0 1,0 1,0 1,0 1,0 
44944 j 2 0,-1,0,-24068448,45456608896 0 a a a 9,0 1,1,0 1,0 1,1,0 1,0 1,0 1,0 1,0 1,1,0 3,0 1,0 1,0 1,0 1,0 
44944 k 1 0,-1,0,336,-320 0 a a a 3,0 1,0 1,0 1,0 1,0 1,0 1,0 1,0 1,0 1,1,0 1,0 1,1,0 1,0 1,0 
44944 k 2 0,-1,0,-37824,-2819072 0 a a a 3,0 1,1 1,0 1,0 1,0 1,0 1,0 1,0 1,0 1,1,0 1,0 1,1,0 1,0 1,0 
44944 l 1 0,-1,0,-14540320,67504697088 0 a a a 3,0 1,0 1,0 1,0 1,0 1,0 1,0 1,0 1,0 1,0 1,0 1,0 1,0 1,0 
44944 m 1 0,1,0,-5176,451668 0 a a a 1,0 1,0 1,0 1,0 1,0 1,0 1,0 1,0 1,0 1,0 1,0 1,0 1,0 1,0 
45369 a 1 1,-1,1,21739,11682596 0 a a o? a 1,0 3,0 1,1,0 1,0 1,1,0 1,1,0 1,1,0 1,0 1,0 1,0 1,1,0 1,0 1,0 
45369 a 2 1,-1,1,-658796,197876972 0 a a o? a 1,0 3,0 1,1,0 1,0 1,1,0 1,1,0 1,1,0 1,0 1,0 1,0 1,1,0 1,0 1,0 
45796 a 1 0,1,0,-1801309,929933152 0 a a a 1,0 1,0 1,0 1,0 3,0 1,0 1,0 1,0 1,0 1,0 1,0 1,0 1,0 1,0 
45796 b 1 0,-1,0,30531,1305610 0 a a a 3,0 1,0 1,0 1,0 5,0 1,0 1,0 1,0 1,0 1,0 1,0 1,0 1,0 1,1,0 
45796 c 1 0,1,0,36,4 0 a a a 3,0 1,0 1,0 1,0 1,0 1,0 1,0 1,0 1,0 1,0 1,0 1,0 1,0 1,0 
45796 d 1 0,1,0,408348,9845716 0 a a a 1,0 1,0 1,0 1,0 1,0 1,0 1,0 1,0 1,0 1,0 1,0 1,0 3,0 1,0 
46225 a 1 0,0,1,-21500,1213406 0 a a s? 3,1,0 a 1,5,0 1,0 3,0 1,0 1,1,0 1,0 1,1,0 1,0 1,1,0 1,0 a 1,0 
46225 a 2 0,0,1,-39753500,-96474290719 0 a a s? 3,1,0 a 1,5,0 1,0 3,0 1,0 1,1,0 1,0 1,1,0 1,0 1,1,0 1,0 a 1,0 
46225 b 1 1,1,1,-963,-3344 0 a a o? 1,0 a 1,0 1,1,0 1,0 1,0 1,0 1,0 3,0 1,0 1,0 1,0 a 1,0 
46225 c 1 1,1,1,3188562,5314022656 0 a a o? 1,0 a 1,0 1,1,0 1,0 1,0 1,0 1,1,0 1,0 1,0 1,0 1,0 a 1,0 
46225 d 1 0,0,1,-369800,116775906 0 a a s? 0,0,0 a 0,0 0,0 2,0 0,0 0,0 2,0 0,0 0,0 0,0 0,0 a 0,0,0 
46225 e 1 0,1,1,-6163,222479 0 a a s? 4,0 a 0,0 2,0 0,0 0,0 0,0,0 0,0,0 0,0 0,0 0,0 0,0 a 0,0 
46225 f 1 1,0,1,-1780626,233806023 0 a a o? 2,0 a 0,0 0,0,0 0,0 0,0 0,0 0,0 0,0 0,0 0,0 0,0 a 0,0 
46225 g 1 1,0,1,1724,-66677 0 a a o? 2,0 a 0,0 0,0,0 0,0 0,0 0,0 0,0,0 0,0 0,0 0,0 0,0 a 0,0 
46225 h 1 1,0,1,-5586,203363 0 a a o? 2,0 a 0,0 0,0 2,0 0,0 0,0,0 0,0 0,0,0 2,0 0,0 0,0 a 0,0 
46225 i 1 0,-1,1,3082,105718 0 a a s? 0,0 a 0,0 0,0 0,0 0,0 0,0 0,0 0,0 0,0 0,0 0,0 a 0,0 
46225 j 1 0,1,1,-15408,-3225906 0 a a s? 2,0 a 0,0,0 0,0 0,0 0,0 0,0 2,0 0,0 0,0 0,0,0 0,0 a 0,0 
46225 k 1 0,-1,1,-154083,28118068 0 a a s? 3,0 a 1,0 3,0 1,0 1,0 1,1,0 1,1,0 1,0 1,0 1,0 1,0 a 1,0 
46225 l 1 1,1,1,-139638,25420406 0 a a o? 1,0 a 1,0 1,0 1,0 1,0 1,1,0 1,0 1,1,0 1,0 1,0 1,0 a 1,0 
46225 m 1 0,1,1,77042,13368869 0 a a s? 3,0 a 1,0 1,0 1,0 3,0 1,0 1,0 1,0 1,0 1,0 1,0 a 1,0 
47089 a 1 1,-1,0,-2102,46143 0 a a o? 1,1,0 1,1,0 a 1,0 1,1,0 1,1,0 1,1,0 1,0 1,0 a 1,0 1,1,0 1,0 1,1,0 
47089 a 2 1,-1,0,-35737,2609130 0 a a o? 1,1,0 1,1,0 a 1,0 1,1,0 1,1,0 1,1,0 1,0 1,0 a 1,0 1,1,0 1,0 1,1,0 
47089 a 3 1,-1,0,-103007,-15621040 0 a a o? 1,1,0 1,1,0 a 1,0 1,1,0 1,1,0 1,1,0 1,0 1,0 a 1,0 1,1,0 1,0 1,1,0 
47089 a 4 1,-1,0,-1751122,-891429351 0 a a o? 1,1,0 1,1,0 a 1,0 1,1,0 1,1,0 1,1,0 1,0 1,0 a 1,0 1,1,0 1,0 1,1,0 
47089 b 1 1,-1,0,-9944608,11970365931 0 a a o? 1,1,0 1,0 a 3,0 1,0 1,0 3,1,0 1,0 1,1,0 a 1,1,0 1,0 1,0 1,0 
47089 b 2 1,-1,0,-2645813,29153189120 0 a a o? 1,1,0 1,0 a 3,0 1,0 1,0 3,1,0 1,0 1,1,0 a 1,1,0 1,0 1,0 1,0 
47089 c 1 1,-1,0,-10348,-399141 0 a a o? 1,1,0 1,0 a 1,0 1,0 3,0 1,1,0 1,0 1,1,0 a 1,3,0 1,0 1,0 1,0 
47089 c 2 1,-1,0,-2753,-977880 0 a a o? 1,1,0 1,0 a 1,0 1,0 3,0 1,1,0 1,0 1,1,0 a 1,3,0 1,0 1,0 1,0 
47524 a 1 0,1,0,-431676,1139577556 0 a a a 1,0 3,0 1,0 1,0 1,0 1,0 1,0 1,0 1,0 1,0 1,0 1,0 1,0 1,0 
47524 b 1 0,1,0,-36,868 0 a a a 3,0 1,0 1,0 1,0 1,0 1,0 1,0 1,0 1,0 1,0 1,0 1,0 1,0 1,0 
47961 a 1 0,0,1,127896,-13907358 0 a a s? a 0,0 0,0 0,0,0 0,0 0,0 0,0 0,0 0,0 0,0 0,0 0,0,0 0,0 0,0 
47961 a 2 0,0,1,-1310934,794858985 0 a a s? a 0,0 0,0 0,0,0 0,0 0,0 0,0 0,0 0,0 0,0 0,0 0,0,0 0,0 0,0 
47961 b 1 1,-1,0,-342,-81 3 a a o? 
47961 b 2 1,-1,0,-3627,84672 3 a a o? 
47961 c 1 1,-1,0,-1823517,-64327608 5 a a o? a 
47961 c 2 1,-1,0,-19329282,32590926423 5 a a o? a 
47961 d 1 1,-1,1,-56954,2968336 3 a a o? 
47961 d 2 1,-1,1,182851,21289438 3 a a o? 
47961 e 1 1,-1,1,-14,-282 0 a a o? a 0,0 0,0 0,0 0,0 0,0 0,0 0,0 0,0 0,0 0,0 0,0 0,0 0,0 
47961 f 1 1,-1,1,-72941,-110912394 0 a a o? a 0,0 0,0 0,0 2,0 0,0 0,0 0,0 2,0 0,0 0,0 0,0 0,0 0,0 
47961 g 1 1,-1,1,-3957782,2844156660 3 a a o? 
47961 g 2 1,-1,1,-62230397,188966888970 3 a a o? 
47961 h 1 0,0,1,-303753,-64868585 0 a a s? a 0,0 0,0 0,0 0,0 0,0 0,0 0,0,0 0,0 0,0 2,0 0,0 0,0 0,0 
48400 a 1 0,1,0,676592,3687995188 0 a a a a 1,0 a 1,0 a 1,0 1,0 1,0 1,0 1,0 1,0 1,0 1,0 1,0 1,0 
48400 b 1 0,1,0,5592,-2768812 0 a a a a 1,0 a 1,0 a 1,0 1,0 1,0 1,0 1,0 1,0 1,0 1,0 1,0 3,0 
48400 c 1 0,1,0,44367,-2967637 0 a a a a 3,0 a 1,0 a 3,0 1,0 1,0 1,0 1,0 1,0 1,0 1,0 1,0 1,0 
48400 d 1 0,1,0,367,2363 0 a a a a 1,0 a 1,0 a 1,0 1,0 1,0 1,0 1,0 1,0 1,0 1,0 1,0 1,0 
48400 e 1 0,1,0,11092,10442188 0 a a a a 1,0 a 1,1,0 a 1,0 1,0 1,1,0 1,0 1,0 1,0 1,0 1,0 1,0 1,0 
48400 e 2 0,1,0,-654408,198113188 0 a a a a 1,0 a 1,1,0 a 1,0 1,0 1,1,0 1,0 1,0 1,0 1,0 1,0 1,0 1,0 
48400 f 1 0,1,0,92,-7812 0 a a a a 1,0 a 1,3,0 a 1,0 1,0 1,1,0 1,0 1,0 1,0 1,0 1,0 1,0 1,0 
48400 f 2 0,1,0,-5408,-150812 0 a a a a 1,0 a 1,3,0 a 1,0 1,0 1,1,0 1,0 1,0 1,0 1,0 1,0 1,0 1,0 
48400 g 1 0,0,0,-831875,-274518750 0 a a a a 4,4,0 a 2,0 a 0,0 0,0 0,0 0,0 0,0,0 0,0 0,0 0,0 0,0 0,0 
48400 h 1 0,0,0,-6875,206250 0 a a a a 0,0,0 a 0,0 a 0,0 0,0 0,0 0,0 0,0,0 0,0 0,0 0,0 0,0 0,0 
48400 i 1 0,0,0,-114950,-14474625 3 a a a a 
48400 i 2 0,0,0,51425,-52907250 3 a a a a 
48400 j 1 0,0,0,6050,-499125 3 a a a a 
48400 j 2 0,0,0,-69575,-6322250 3 a a a a 
48400 k 1 0,0,0,-6050,166375 3 a a a a 
48400 k 2 0,0,0,-21175,-998250 3 a a a a 
48400 k 3 0,0,0,39325,-5656750 3 a a a a 
48400 k 4 0,0,0,-323675,-70875750 3 a a a a 
48400 l 1 0,0,0,-33275,3660250 0 a a a a 0,0,0 a 0,0 a 0,0 0,0 0,0 0,0 0,0 0,0 0,0 0,0 0,0 0,0 
48400 m 1 0,0,0,-275,-2750 0 a a a a 0,0,0 a 0,0 a 0,0 0,0 0,0 0,0 0,0 0,0 0,0 0,0 0,0 0,0 
48400 n 1 0,0,0,-15252050,22926641375 3 a a a a 
48400 n 2 0,0,0,-15267175,22878891750 3 a a a a 
48400 n 3 0,0,0,-7946675,44862353250 3 a a a a 
48400 n 4 0,0,0,-22829675,-2160545750 3 a a a a 
48400 o 1 0,0,0,-202675,-37600750 0 a a a a 0,0,0 a 0,0 a 0,0 0,0 0,0 0,0 0,0 0,0 2,0 0,0 0,0 0,0 
48400 p 1 0,0,0,-12100,665500 0 a a a a 0,0,0 a 0,0 a 0,0,0 0,0 0,0 2,0 0,0 0,0 2,0 0,0 0,0 0,0 
48400 q 1 0,0,0,605,-13310 0 a a a a 0,0,0 a 0,0 a 0,0 0,0 2,0 0,0 0,0 0,0 0,0 0,0 0,0 0,0 
48400 r 1 0,0,0,-275,1650 0 a a a a 1,1,0 a 1,0 a 1,0 1,0 1,0 1,0 1,1,0 1,0 1,0 1,0 1,0 1,0 
48400 s 1 0,0,0,-33275,-2196150 0 a a a a 3,5,0 a 1,0 a 1,0 1,0 3,0 1,0 1,1,0 1,0 1,0 1,0 1,0 1,0 
48400 t 1 0,1,0,95792,-7054412 0 a a a a 5,0 a 1,0 a 1,5,0 1,0 1,0 1,1,0 1,0 1,0 1,0 1,1,0 1,0 1,0 
48400 u 1 0,1,0,-15528,-791452 0 a a a a 3,0 a 3,0 a 1,0 1,0 1,0 1,1,0 1,0 1,0 1,0 3,0 1,0 1,0 
48400 v 1 0,1,0,-128,548 0 a a a a 5,0 a 1,0 a 1,0 1,0 1,0 1,3,0 1,0 1,0 1,0 1,0 1,0 1,0 
48400 w 1 0,-1,0,3832,-57968 0 a a a a 1,0 a 5,0 a 1,1,0 3,0 1,0 1,1,0 1,0 1,0 1,0 1,1,0 1,0 1,0 
48400 x 1 0,-1,0,-3208,74912 0 a a a a 1,0 a 1,0 a 1,0 1,0 1,0 3,1,0 1,0 1,0 1,0 3,0 1,0 1,0 
48400 y 1 0,-1,0,-388208,-98155088 0 a a a a 3,0 a 3,0 a 3,0 1,0 3,0 1,1,0 1,0 1,0 1,0 1,0 1,0 1,0 
48400 z 1 0,-1,0,-615083,-185426338 0 a a a a 1,0 a 3,0 a 1,1,0 1,0 1,0 1,0 1,0 1,0 1,0 1,0 1,0 1,0 
48400 z 2 0,-1,0,-690708,-136875088 0 a a a a 1,0 a 3,0 a 1,1,0 1,0 1,0 1,0 1,0 1,0 1,0 1,0 1,0 1,0 
48400 ba 1 0,-1,0,-403,-1098 0 a a a a 3,0 a 1,0 a 1,0 1,1,0 1,0 1,0 1,0 1,1,0 1,0 1,0 1,0 1,0 
48400 ba 2 0,-1,0,-3428,77552 0 a a a a 3,0 a 1,0 a 1,0 1,1,0 1,0 1,0 1,0 1,1,0 1,0 1,0 1,0 1,0 
48400 bb 1 0,-1,0,35292,-4017088 0 a a a a 1,0 a 3,0 a 1,0 1,0 1,0 1,0 1,0 1,0 1,0 1,0 1,0 1,0 
48400 bb 2 0,-1,0,-267208,-42737088 0 a a a a 1,0 a 3,0 a 1,0 1,0 1,0 1,0 1,0 1,0 1,0 1,0 1,0 1,0 
48400 bc 1 0,1,0,-10083,-157412 0 a a a a 1,0 a 1,0 a 1,0 1,1,0 3,0 1,0 1,0 1,1,0 1,0 1,0 1,0 1,0 
48400 bc 2 0,1,0,-85708,9522588 0 a a a a 1,0 a 1,0 a 1,0 1,1,0 3,0 1,0 1,0 1,1,0 1,0 1,0 1,0 1,0 
48400 bd 1 0,1,0,-24603,-1493252 0 a a a a 5,0 a 1,0 a 1,1,0 1,0 3,0 1,0 1,0 1,0 1,0 1,0 1,0 1,0 
48400 bd 2 0,1,0,-27628,-1106052 0 a a a a 5,0 a 1,0 a 1,1,0 1,0 3,0 1,0 1,0 1,0 1,0 1,0 1,0 1,0 
48400 be 1 0,1,0,1412,-31572 0 a a a a 3,0 a 1,0 a 1,0 1,0 1,0 1,0 1,0 1,0 1,0 1,0 1,0 1,0 
48400 be 2 0,1,0,-10688,-346172 0 a a a a 3,0 a 1,0 a 1,0 1,0 1,0 1,0 1,0 1,0 1,0 1,0 1,0 1,0 
48400 bf 1 0,0,0,15125,-1663750 0 a a a a 1,1,0 a 1,0 a 1,0 1,0 3,0 1,0 1,0 1,0 1,0 1,0 1,0 1,0 
48400 bg 1 0,0,0,-275,-3630 0 a a a a 0,0,0 a 0,0 a 2,0 0,0 0,0 0,0 0,0 0,0 0,0,0 0,0 0,0 0,0,0 
48400 bh 1 0,0,0,-33275,4831530 0 a a a a 2,4,0 a 2,0 a 2,0 2,0 2,0 2,0 2,0 2,0 4,2,0 2,0 2,0 2,2,0 
48400 bi 1 0,0,0,-266200,-60394125 5 a a a a 2,4,0 
48400 bi 2 0,0,0,-4425575,-3583384750 5 a a a a 2,4,0 
48400 bj 1 0,0,0,-2200,45375 3 a a a a 
48400 bj 2 0,0,0,-36575,2692250 3 a a a a 
48400 bk 1 0,-1,0,-2933,-61763 0 a a a a 0,0 a 0,0,0 a 0,0,0 0,0,0 0,0,0 0,0 0,0,0 0,0 0,0 0,0,0 0,0,0 0,0 
48400 bk 2 0,-1,0,-354933,83626237 0 a a a a 0,0 a 0,0,0 a 0,0,0 0,0,0 0,0,0 0,0 0,0,0 0,0 0,0 0,0,0 0,0,0 0,0 
48400 bl 1 0,-1,0,-9439008,12125216512 0 a a a a 0,0 a 0,0 a 0,0,0 0,0 0,0 0,0,0 0,0 0,0 0,0 0,0 0,0 0,0 
48400 bm 1 0,-1,0,-78008,-9081488 0 a a a a 0,0 a 0,0 a 0,0,0 0,0 0,0 0,0,0 0,0 0,0 0,0 0,0 0,0 0,0 
48400 bn 1 0,-1,0,-9971408,-18044826688 7 a a a a 0,0 a 
48400 bn 2 0,-1,0,-180339408,-931898778688 7 a a a a 0,0 a 
48400 bo 1 0,-1,0,-82408,13587312 3 a a a a 
48400 bo 2 0,-1,0,-1490408,700691312 3 a a a a 
48400 bp 1 0,0,0,232925,-40262750 0 a a a a 0,0,0 a 0,0 a 0,0 0,0 0,0 0,0 0,0 2,0 0,0 0,0 0,0 0,0 
48400 bq 1 0,0,0,1925,30250 0 a a a a 2,4,0 a 2,0 a 2,0 2,0 2,0 2,0 2,0 2,0 2,0 2,0 2,0 2,0 
48400 br 1 0,0,0,39325,2329250 0 a a a a 3,3,0 a 3,1,0 a 1,0 1,0 1,0 1,0 1,0 1,0 1,0 1,0 1,0 1,0 
48400 br 2 0,0,0,-202675,20963250 0 a a a a 3,3,0 a 3,1,0 a 1,0 1,0 1,0 1,0 1,0 1,0 1,0 1,0 1,0 1,0 
48400 br 3 0,0,0,-1412675,-631226750 0 a a a a 3,3,0 a 3,1,0 a 1,0 1,0 1,0 1,0 1,0 1,0 1,0 1,0 1,0 1,0 
48400 br 4 0,0,0,-2864675,1865729250 0 a a a a 3,3,0 a 3,1,0 a 1,0 1,0 1,0 1,0 1,0 1,0 1,0 1,0 1,0 1,0 
48400 bs 1 0,1,0,92,-2312 0 a a a a 3,0 a 3,0 a 1,0 1,1,0 3,0 1,1,0 1,0 1,0 1,0 1,0 1,0 1,0 
48400 bs 2 0,1,0,-10908,-442312 0 a a a a 3,1 a 3,0 a 1,0 1,1,0 3,0 1,1,0 1,0 1,0 1,0 1,0 1,0 1,0 
48400 bt 1 0,1,0,-49408,11531188 0 a a a a 3,0 a 3,0 a 3,0 1,0 3,0 1,0 1,0 1,0 1,0 1,0 1,0 1,0 
48400 bt 2 0,1,0,434592,-274028812 0 a a a a 3,1 a 3,0 a 3,0 1,0 3,0 1,0 1,0 1,0 1,0 1,0 1,0 1,0 
48400 bu 1 0,1,0,-29404008,62354215988 0 a a a a 3,0 a 1,0 a 1,0 1,1,0 1,0 1,1,0 1,0 1,0 1,0 1,0 1,0 1,0 
48400 bu 2 0,1,0,117005992,291632275988 0 a a a a 3,1 a 1,0 a 1,0 1,1,0 1,0 1,1,0 1,0 1,0 1,0 1,0 1,0 1,0 
48400 bv 1 0,1,0,11092,3121688 0 a a a a 3,0 a 1,0 a 1,0 1,1,0 1,0 1,1,0 1,0 1,0 3,0 1,0 1,0 1,0 
48400 bv 2 0,1,0,-1319908,583437688 0 a a a a 3,0 a 1,0 a 1,0 1,1,0 1,0 1,1,0 1,0 1,0 3,0 1,0 1,0 1,0 
48400 bw 1 0,1,0,-243008,-46936012 0 a a a a 3,0 a 1,0 a 1,0 3,1,0 1,0 1,1,0 1,0 1,0 1,0 3,0 1,0 1,0 
48400 bw 2 0,1,0,966992,-218756012 0 a a a a 3,0 a 1,0 a 1,0 3,1,0 1,0 1,1,0 1,0 1,0 1,0 3,0 1,0 1,0 
48400 bx 1 0,1,0,-5848,205588 0 a a a a 9,0 a 1,0 a 1,0 1,0 1,0 1,0 1,1,0 1,0 1,0 1,0 1,0 1,0 
48400 bx 2 0,1,0,42552,-1517452 0 a a a a 9,1 a 1,0 a 1,0 1,0 1,0 1,0 1,1,0 1,0 1,0 1,0 1,0 1,0 
48400 bx 3 0,1,0,-25208,-18186412 0 a a a a 9,0 a 1,0 a 1,0 1,0 1,0 1,0 1,1,0 1,0 1,0 1,0 1,0 1,0 
48400 bx 4 0,1,0,-6075208,-5765686412 0 a a a a 9,1 a 1,0 a 1,0 1,0 1,0 1,0 1,1,0 1,0 1,0 1,0 1,0 1,0 
48400 by 1 0,1,0,8067,-317737 0 a a a a 3,0 a 3,0 a 1,0 1,0 1,0 1,0 1,1,0 1,0 3,0 1,1,0 1,0 1,1,0 
48400 by 2 0,1,0,-233933,-43877737 0 a a a a 3,1 a 3,0 a 1,0 1,0 1,0 1,0 1,1,0 1,0 3,0 1,1,0 1,0 1,1,0 
48400 bz 1 0,1,0,-4284408,3444543188 0 a a a a 9,0 a 1,0 a 1,0 1,0 1,0 1,0 1,0 1,0 1,0 1,0 3,0 1,0 
48400 bz 2 0,1,0,14349592,17867259188 0 a a a a 9,1 a 1,0 a 1,0 1,0 1,0 1,0 1,0 1,0 1,0 1,0 3,0 1,0 
48400 ca 1 0,-1,0,-16133,1878637 0 a a a a 1,0 a 3,0 a 1,0 1,0 1,1,0 1,0 3,1,0 1,0 1,0 1,0 1,0 1,0 
48400 ca 2 0,-1,0,-500133,-246413363 0 a a a a 1,0 a 3,0 a 1,0 1,0 1,1,0 1,0 3,1,0 1,0 1,0 1,0 1,0 1,0 
48400 ca 3 0,-1,0,-378504133,-2834227585363 0 a a a a 1,0 a 3,0 a 1,0 1,0 1,1,0 1,0 3,1,0 1,0 1,0 1,0 1,0 1,0 
48400 cb 1 0,-1,0,-1008,-39488 0 a a a a 3,0 a 1,0 a 1,1,0 1,0 1,0 1,1,0 1,0 1,0 1,1,0 1,0 1,0 1,0 
48400 cc 1 0,-1,0,-122008,53046512 0 a a a a 1,0 a 1,0 a 1,1,0 1,0 1,0 3,1,0 1,0 1,0 1,1,0 1,0 1,0 1,0 
48400 cd 1 0,-1,0,482992,-521703488 0 a a a a 3,0 a 1,0 a 1,0 1,0 1,0 1,0 1,0 1,0 1,0 1,0 1,0 1,0 
48400 cd 2 0,-1,0,-287497008,-1876186263488 0 a a a a 3,0 a 1,0 a 1,0 1,0 1,0 1,0 1,0 1,0 1,0 1,0 1,0 1,0 
48400 ce 1 0,-1,0,-16133,48512 0 a a a a 3,0 a 1,3,0 a 1,1,0 1,0 1,0 1,0 1,0 1,1,0 1,0 1,0 1,0 1,0 
48400 ce 2 0,-1,0,-182508,29996012 0 a a a a 3,0 a 1,3,0 a 1,1,0 1,0 1,0 1,0 1,0 1,1,0 1,0 1,0 1,0 1,0 
48400 cf 1 0,-1,0,-397888,-96519168 0 a a a a 3,0 a 1,3,0 a 1,0 3,0 1,0 1,0 1,0 1,0 1,0 1,0 1,0 1,0 
48400 cg 1 0,-1,0,-12008,510512 0 a a a a 1,0 a 3,0 a 1,0 1,0 1,0 1,0 1,0 1,0 1,0 1,0 1,1,0 1,0 
48400 cg 2 0,-1,0,-122008,-64081488 0 a a a a 1,0 a 3,0 a 1,0 1,0 1,0 1,0 1,0 1,0 1,0 1,0 1,1,0 1,0 
48400 ch 1 0,-1,0,-1008,48512 0 a a a a 1,0 a 3,0 a 1,0 1,0 1,0 1,0 1,0 1,0 1,0 1,0 1,1,0 1,0 
48400 ch 2 0,-1,0,-1453008,-673679488 0 a a a a 1,0 a 3,0 a 1,0 1,0 1,0 1,0 1,0 1,0 1,0 1,0 1,1,0 1,0 
48400 ci 1 0,-1,0,-262595208,-1637728611088 0 a a a a 1,0 a 5,0 a 1,1,0 1,0 1,0 1,0 1,0 1,0 1,0 1,0 1,0 1,0 
48400 cj 1 0,-1,0,-2170208,1231238912 0 a a a a 3,0 a 1,0 a 1,1,0 1,0 1,0 1,0 1,0 1,0 1,0 1,0 1,0 1,0 
48400 ck 1 0,1,0,-128,-332 0 a a a a 3,0 a 1,0 a 1,0 1,0 1,0 1,0 1,0 1,0 1,0 1,0 1,0 1,0 
48400 ck 2 0,1,0,-8928,-327692 0 a a a a 3,1 a 1,0 a 1,0 1,0 1,0 1,0 1,0 1,0 1,0 1,0 1,0 1,0 
48400 cl 1 0,1,0,-15528,379828 0 a a a a 3,0 a 1,0 a 1,0 1,0 1,0 1,0 1,0 1,0 1,0 1,0 1,0 1,0 
48400 cl 2 0,1,0,-1080328,431836788 0 a a a a 3,0 a 1,0 a 1,0 1,0 1,0 1,0 1,0 1,0 1,0 1,0 1,0 1,0 
48400 cm 1 0,1,0,144192,8046388 0 a a a a 3,0 a 1,0 a 1,0 1,0 1,0 1,0 1,0 1,0 1,0 1,0 1,0 3,0 
48400 cm 2 0,1,0,-2517808,1578626388 0 a a a a 3,0 a 1,0 a 1,0 1,0 1,0 1,0 1,0 1,0 1,0 1,0 1,0 3,0 
48400 cn 1 0,1,0,-4033,66438 0 a a a a 9,0 a 1,0 a 1,0 1,0 1,0 1,0 1,0 1,0 1,0 1,0 1,0 1,0 
48400 cn 2 0,1,0,11092,459688 0 a a a a 9,0 a 1,0 a 1,0 1,0 1,0 1,0 1,0 1,0 1,0 1,0 1,0 1,0 
48400 cn 3 0,1,0,-125033,-17055062 0 a a a a 9,1 a 1,0 a 1,0 1,0 1,0 1,0 1,0 1,0 1,0 1,0 1,0 1,0 
48400 cn 4 0,1,0,-109908,-21320312 0 a a a a 9,1 a 1,0 a 1,0 1,0 1,0 1,0 1,0 1,0 1,0 1,0 1,0 1,0 
48400 co 1 0,1,0,1192,-5612 0 a a a a 3,0 a 1,0 a 1,0 3,0 3,0 1,0 1,0 1,0 1,0 1,0 1,0 3,0 
48400 co 2 0,1,0,-20808,-1193612 0 a a a a 3,1 a 1,0 a 1,0 3,0 3,0 1,0 1,0 1,0 1,0 1,0 1,0 3,0 
48400 cp 1 0,1,0,-137133,19099738 0 a a a a 3,0 a 1,0 a 1,0 1,1,0 1,0 1,0 1,0 1,0 1,0 1,0 1,0 1,0 
48400 cp 2 0,1,0,-303508,-36469512 0 a a a a 3,0 a 1,0 a 1,0 1,1,0 1,0 1,0 1,0 1,0 1,0 1,0 1,0 1,0 
48400 cp 3 0,1,0,-1347133,-594672762 0 a a a a 3,1 a 1,0 a 1,0 1,1,0 1,0 1,0 1,0 1,0 1,0 1,0 1,0 1,0 
48400 cp 4 0,1,0,-21478508,-38320869512 0 a a a a 3,1 a 1,0 a 1,0 1,1,0 1,0 1,0 1,0 1,0 1,0 1,0 1,0 1,0 
48400 cq 1 0,1,0,3832,31348 0 a a a a 3,0 a 1,0 a 1,0 1,1,0 1,0 1,0 3,0 3,0 1,0 1,0 1,0 1,1,0 
48400 cq 2 0,1,0,-44568,-4208492 0 a a a a 3,1 a 1,0 a 1,0 1,1,0 1,0 1,0 3,0 3,0 1,0 1,0 1,0 1,1,0 
48400 cr 1 0,0,0,-565675,355044250 0 a a a a 5,1,0 a 1,0 a 1,0 1,1,0 1,0 1,0 1,0 1,0 3,0 1,0 1,0 1,0 
48400 cs 1 0,0,0,-4675,-266750 0 a a a a 3,3,0 a 1,0 a 1,0 1,1,0 1,0 1,0 1,0 1,0 1,0 1,0 1,0 1,0 
48400 ct 1 0,0,0,-831875,603941250 0 a a a a 1,1,0 a 1,0 a 1,0 1,0 1,0 1,0 1,0 1,0 1,1,0 1,0 1,0 1,1,0 
48400 cu 1 0,0,0,-6875,-453750 0 a a a a 1,1,0 a 1,0 a 1,0 1,0 1,0 1,0 1,0 1,0 1,1,0 1,0 1,0 1,1,0 
48400 cv 1 0,0,0,-60500,4159375 3 a a a a 
48400 cv 2 0,0,0,-892375,324431250 3 a a a a 
48400 cw 1 0,0,0,-2420,33275 0 a a a a 4,4,0 a 2,0 a 4,0 2,0 2,0 2,0 2,0 2,0 2,0 2,0 2,0 2,0 
48400 cw 2 0,0,0,-35695,2595450 0 a a a a 4,4,0 a 2,0 a 4,0 2,0 2,0 2,0 2,0 2,0 2,0 2,0 2,0 2,0 
48400 cx 1 0,1,0,-54248,-4886092 0 a a a a 2,0 a 0,0 a 0,0 0,0 0,0 0,0 0,0 0,0 0,0 0,0 0,0 0,0 
48400 cx 2 0,1,0,381352,51161108 0 a a a a 2,0 a 0,0 a 0,0 0,0 0,0 0,0 0,0 0,0 0,0 0,0 0,0 0,0 
48400 cx 3 0,1,0,-58715048,173152502708 0 a a a a 2,0 a 0,0 a 0,0 0,0 0,0 0,0 0,0 0,0 0,0 0,0 0,0 0,0 
48400 cy 1 0,-1,0,-1008,-145088 0 a a a a 4,0 a 0,0 a 0,0 0,0 0,0 0,0 0,0,0 0,0 0,0 0,0 0,0 0,0 
48400 cy 2 0,-1,0,-243008,-46028288 0 a a a a 4,1 a 0,0 a 0,0 0,0 0,0 0,0 0,0,0 0,0 0,0 0,0 0,0 0,0 
48400 cy 3 0,-1,0,-146208,25990912 0 a a a a 4,0 a 0,0 a 0,0 0,0 0,0 0,0 0,0,0 0,0 0,0 0,0 0,0 0,0 
48400 cy 4 0,-1,0,1063792,-191809088 0 a a a a 4,1 a 0,0 a 0,0 0,0 0,0 0,0 0,0,0 0,0 0,0 0,0 0,0 0,0 
48400 cz 1 0,-1,0,-1356208,-608049088 0 a a a a 0,0 a 0,0 a 0,0 0,0 0,0 0,0 0,0 0,0 0,0 0,0 0,0 0,0 
48400 cz 2 0,-1,0,9533792,6376070912 0 a a a a 0,0 a 0,0 a 0,0 0,0 0,0 0,0 0,0 0,0 0,0 0,0 0,0 0,0 
48400 cz 3 0,-1,0,-1467876208,21646998590912 0 a a a a 0,0 a 0,0 a 0,0 0,0 0,0 0,0 0,0 0,0 0,0 0,0 0,0 0,0 
48400 da 1 0,-1,0,-10688,745472 3 a a a a 
48400 da 2 0,-1,0,-204288,35593472 3 a a a a 
48400 db 1 0,-1,0,-388208,48254912 0 a a a a 2,0 a 2,0 a 0,0 0,0 0,0 0,0 0,0 0,0 0,0 0,0 0,0 0,0 
48400 db 2 0,-1,0,-27008208,54033614912 0 a a a a 2,0 a 2,0 a 0,0 0,0 0,0 0,0 0,0 0,0 0,0 0,0 0,0 0,0 
48400 dc 1 0,-1,0,-3208,-35088 0 a a a a 2,0 a 0,0 a 0,0 0,0 0,0 0,0 0,0 0,0 0,0 0,0 0,0 0,0 
48400 dc 2 0,-1,0,-223208,-40515088 0 a a a a 2,1 a 0,0 a 0,0 0,0 0,0 0,0 0,0 0,0 0,0 0,0 0,0 0,0 
48400 dd 1 0,-1,0,95792,3726912 0 a a a a 2,0 a 2,0 a 2,0 2,2,0 2,0 2,0 2,0 2,0 2,0 2,0 2,0 2,2,0 
48400 dd 2 0,-1,0,-1114208,-523833088 0 a a a a 2,1 a 2,0 a 2,0 2,2,0 2,0 2,0 2,0 2,0 2,0 2,0 2,0 2,2,0 
48400 de 1 0,1,0,-267208,92649588 3 a a a a 
48400 de 2 0,1,0,-5107208,4438969588 3 a a a a 
48400 df 1 0,1,0,-9947208,-12084790412 0 a a a a 2,0 a 0,0,0 a 0,0 0,0 0,0 0,0 0,0 0,0 0,0 0,0 0,0 0,0 
48400 dg 1 0,1,0,-86808,9815188 0 a a a a 2,0 a 0,0 a 0,0,0 0,0 0,0 0,0 0,0 0,0 0,0 0,0 0,0 0,0 
48400 dh 1 0,1,0,-10503808,-13106030412 0 a a a a 2,0 a 0,0 a 0,0,0 0,0 0,0 0,0 0,0 0,0 0,0 0,0 0,0 0,0 
48400 di 1 0,0,0,73205,-8052550 0 a a a a 4,4,0 a 2,0 a 0,0 0,0 0,0 0,0 0,0 0,0 0,0 0,0 0,0 0,0 
48400 dj 1 0,0,0,-28435,7120850 0 a a a a 0,0,0 a 0,0 a 0,0,0 0,0 0,0 0,0 0,0 0,0 0,0 0,0 0,0 0,0,0 
48400 dk 1 0,0,0,605,6050 0 a a a a 0,0,0 a 0,0 a 0,0 0,0 0,0 0,0 0,0 0,0 0,0 0,0 2,0 0,0 
48400 dl 1 0,0,0,-710875,890106250 0 a a a a 4,4,0 a 2,0 a 2,2,0 2,0 2,0 2,0 2,0 2,0 2,0 2,0 2,0 2,2,0 
48400 dm 1 0,0,0,15125,756250 0 a a a a 0,0,0 a 2,0 a 0,0 0,0 0,0 0,0 0,0 0,0 0,0 0,0 0,0 0,0 
48400 dn 1 0,0,0,1830125,-1006568750 0 a a a a 0,0,0 a 0,0 a 0,0 0,0 0,0 0,0 0,0 0,0 0,0 0,0 2,0 0,0 
48841 a 1 1,-1,0,-33578,1020319 0 a a o? 1,3,0 1,0 1,0 3,1,0 a a 1,0 1,0 1,0 1,0 1,0 1,0 1,0 1,1,0 
48841 a 2 1,-1,0,-277783,-55586400 0 a a o? 1,3,0 1,0 1,0 3,1,0 a a 1,0 1,0 1,0 1,0 1,0 1,0 1,0 1,1,0 
48841 a 3 1,-1,0,-33578,-150093735 0 a a o? 1,3,0 1,0 1,0 3,1,0 a a 1,0 1,0 1,0 1,0 1,0 1,0 1,0 1,1,0 
48841 a 4 1,-1,0,-4429268,-3586839541 0 a a o? 1,3,0 1,0 1,0 3,1,0 a a 1,0 1,0 1,0 1,0 1,0 1,0 1,0 1,1,0 
48841 b 1 1,-1,0,-35785190,82269972903 0 a a o? 1,3,0 1,0 1,0 1,0 a a 1,0 1,0 1,0 1,0 1,0 1,1,0 1,0 1,1,0 
48841 b 2 1,-1,0,-572303575,5269866237468 0 a a o? 1,3,0 1,0 1,0 1,0 a a 1,0 1,0 1,0 1,0 1,0 1,1,0 1,0 1,1,0 
48841 c 1 1,1,0,-3615251,2601625616 0 a a o? 1,0 1,0 1,3,0 1,1,0 a a 1,0 1,0 1,0 1,0 1,0 1,0 1,0 1,0 
48841 c 2 1,1,0,-57584556,168168659495 0 a a o? 1,0 1,0 1,3,0 1,1,0 a a 1,0 1,0 1,0 1,0 1,0 1,0 1,0 1,0 
48841 d 1 1,0,1,-12510,528803 0 a a o? 1,0 1,0 1,1,0 1,1,0 a a 1,0 1,0 1,0 1,0 1,0 1,0 1,0 1,0 
48841 d 2 1,0,1,-199255,34217601 0 a a o? 1,0 1,0 1,1,0 1,1,0 a a 1,0 1,0 1,0 1,0 1,0 1,0 1,0 1,0 
48841 e 1 1,0,0,-2907057,1907335312 0 a a o? 1,0 1,0 1,0 1,0 a a 1,0 1,0 1,0 1,0 1,0 1,0 1,1,0 1,0 
48841 e 2 1,0,0,-2662852,2241065865 0 a a o? 1,0 1,0 1,0 1,0 a a 1,0 1,0 1,0 1,0 1,0 1,0 1,1,0 1,0 
49284 a 1 0,0,0,0,1874161 5 a a a a a 
49284 a 2 0,0,0,0,-50602347 5 a a a a a 
49284 b 1 0,0,0,0,37 0 a a a a a 2,4,0 2,0 4,2,0 2,0 2,2,0 2,0 2,2,0 2,2,0 2,0 a 2,2,0 2,0 4,2,0 
49284 b 2 0,0,0,0,-999 0 a a a a a 2,4,0 2,0 4,2,0 2,0 2,2,0 2,0 2,2,0 2,2,0 2,0 a 2,2,0 2,0 4,2,0 
49284 c 1 0,0,0,0,50653 0 a a a a a 2,2,0 2,0 4,2,0 2,0 2,2,0 2,0 2,2,0 2,2,0 4,0 a 2,2,0 2,0 2,2,0 
49284 c 2 0,0,0,-20535,1114366 0 a a a a a 2,2,0 2,0 4,2,0 2,0 2,2,0 2,0 2,2,0 2,2,0 4,0 a 2,2,0 2,0 2,2,0 
49284 c 3 0,0,0,0,-1367631 0 a a a a a 2,2,0 2,0 4,2,0 2,0 2,2,0 2,0 2,2,0 2,2,0 4,0 a 2,2,0 2,0 2,2,0 
49284 c 4 0,0,0,-184815,-30087882 0 a a a a a 2,2,0 2,0 4,2,0 2,0 2,2,0 2,0 2,2,0 2,2,0 4,0 a 2,2,0 2,0 2,2,0 
49284 d 1 0,0,0,0,69343957 0 a a a a a 0,0,0 0,0 0,0,0 0,0 0,0,0 0,0 0,0,0 0,0,0 0,0 a 0,0,0 0,0 0,0,0 
49284 d 2 0,0,0,0,-1872286839 0 a a a a a 0,0,0 0,0 0,0,0 0,0 0,0,0 0,0 0,0,0 0,0,0 0,0 a 0,0,0 0,0 0,0,0 
49284 e 1 0,0,0,0,1369 5 a a a a a 
49284 e 2 0,0,0,0,-36963 5 a a a a a 
49284 f 1 0,0,0,-49284,-4609423 5 a a a a a 
49284 f 2 0,0,0,-809079,-280111090 5 a a a a a 
49284 g 1 0,0,0,-443556,124454421 3 a a a a 
49284 g 2 0,0,0,-7281711,7562999430 3 a a a a 
49284 h 1 0,0,0,-164280,25174541 0 a a a a a 1,1,0 1,1,0 1,0 1,0 1,1,0 1,0 1,0 1,0 1,0 a 1,0 1,0 1,1,0 
49284 h 2 0,0,0,-349095,-41839378 0 a a a a a 1,1,0 1,1,0 1,0 1,0 1,1,0 1,0 1,0 1,0 1,0 a 1,0 1,0 1,1,0 
49284 i 1 0,0,0,-444,3737 0 a a a a a 3,0 5,0 1,0 1,0 1,1,0 1,0 1,0 1,1,0 1,0 a 1,1,0 1,0 1,0 
49284 j 1 0,0,0,-607836,189290261 0 a a a a a 1,0 1,0 1,0 1,0 3,1,0 1,0 1,0 1,1,0 1,0 a 1,1,0 1,0 1,0 
49284 k 1 0,0,0,-114996,-4204199 0 a a a a a 1,0 1,0 1,0 1,0 1,0 1,0 1,0 1,0 1,0 a 1,0 1,0 1,0 
49284 k 2 0,0,0,439449,-32924450 0 a a a a a 1,0 1,0 1,0 1,0 1,0 1,0 1,0 1,0 1,0 a 1,0 1,0 1,0 
49284 l 1 0,0,0,-65712,1013060 0 a a a a a 1,0 1,0 1,0 1,1,0 1,0 1,0 1,0 1,0 1,0 a 1,0 1,0 1,0 
