11 a 1 0,-1,1,-10,-20 7 1,0 0,1,0 0,0 0,1 
11 a 2 0,-1,1,-7820,-263580 7 1,0 0,1,0 0,0 0,2 
11 a 3 0,-1,1,0,0 7 1,0 0,1,0 0,0 0,0 
14 a 1 1,0,1,4,-6 5 0,0 1,0 0,0 0,1 
14 a 2 1,0,1,-36,-70 5 0,0 1,0 0,0 0,1 
14 a 3 1,0,1,-171,-874 5 0,0 1,0 0,0 0,2 
14 a 4 1,0,1,-1,0 5 0,0 1,0 0,0 0,0 
14 a 5 1,0,1,-2731,-55146 5 0,0 1,0 0,0 0,2 
14 a 6 1,0,1,-11,12 5 0,0 1,0 0,0 0,0 
15 a 1 1,1,1,-10,-10 3 0,0 1,0 0,1 
15 a 2 1,1,1,-135,-660 3 0,0 1,0 0,2 
15 a 3 1,1,1,-5,2 3 0,0 1,0 0,0 
15 a 4 1,1,1,35,-28 3 0,0 1,0 0,2 
15 a 5 1,1,1,-2160,-39540 3 0,0 1,0 0,3 
15 a 6 1,1,1,-110,-880 3 0,0 1,0 0,3 
15 a 7 1,1,1,-80,242 3 0,0 1,0 0,0 
15 a 8 1,1,1,0,0 3 0,0 1,0 0,0 
17 a 1 1,-1,1,-1,-14 3 1,0 0,2 
17 a 2 1,-1,1,-6,-4 3 1,0 0,1 
17 a 3 1,-1,1,-91,-310 3 1,0 0,2 
17 a 4 1,-1,1,-1,0 3 1,0 0,0 
19 a 1 0,1,1,-9,-15 5 1,0 0,3,0 0,1 
19 a 2 0,1,1,-769,-8470 5 1,0 0,3,0 0,2 
19 a 3 0,1,1,1,0 5 1,0 0,3,0 0,0 
20 a 1 0,1,0,4,4 5 a 0,0 a 2,0 
20 a 2 0,1,0,-1,0 5 a 0,0 a 2,0 
20 a 3 0,1,0,-36,-140 5 a 0,0 a 2,1 
20 a 4 0,1,0,-41,-116 5 a 0,0 a 2,1 
21 a 1 1,0,0,-4,-1 3 1,0 0,0 1,0 
21 a 2 1,0,0,-49,-136 3 1,0 0,0 1,1 
21 a 3 1,0,0,-39,90 3 1,0 0,0 1,0 
21 a 4 1,0,0,1,0 3 1,0 0,0 1,0 
21 a 5 1,0,0,-784,-8515 3 1,0 0,0 1,2 
21 a 6 1,0,0,-34,-217 3 1,0 0,0 1,2 
24 a 1 0,-1,0,-4,4 3 a 0,0 a 
24 a 2 0,-1,0,-24,-36 3 a 0,0 a 
24 a 3 0,-1,0,-64,220 3 a 0,0 a 
24 a 4 0,-1,0,1,0 3 a 0,0 a 
24 a 5 0,-1,0,-384,-2772 3 a 0,0 a 
24 a 6 0,-1,0,16,-180 3 a 0,0 a 
26 a 1 1,0,1,-5,-8 5 1,0 1,0 1,0 0,1 
26 a 2 1,0,1,-460,-3830 5 1,0 1,0 1,0 0,2 
26 a 3 1,0,1,0,0 5 1,0 1,0 1,0 0,0 
26 b 1 1,-1,1,-3,3 11 1,0 0,0 1,0 0,0,0 0,0 4,0 
26 b 2 1,-1,1,-213,-1257 11 1,0 0,0 1,0 0,0,0 0,0 4,1 
27 a 1 0,0,1,0,-7 5 a 0,5,0 a 
27 a 2 0,0,1,-270,-1708 5 a 0,5,0 a 
27 a 3 0,0,1,0,0 5 a 0,5,0 a 
27 a 4 0,0,1,-30,63 5 a 0,5,0 a 
30 a 1 1,0,1,1,2 5 0,0 1,0 0,0 0,0 1,0 
30 a 2 1,0,1,-19,26 5 0,0 1,0 0,0 0,0 1,0 
30 a 3 1,0,1,-14,-64 5 0,0 1,1 0,0 0,0 1,1 
30 a 4 1,0,1,-69,-194 5 0,1 1,0 0,0 0,1 1,0 
30 a 5 1,0,1,-289,1862 5 0,0 1,0 0,0 0,0 1,0 
30 a 6 1,0,1,-334,-2368 5 0,0 1,1 0,0 0,0 1,1 
30 a 7 1,0,1,-5334,-150368 5 0,1 1,1 0,0 0,1 1,1 
30 a 8 1,0,1,-454,-544 5 0,0 1,1 0,0 0,0 1,1 
32 a 1 0,0,0,4,0 3 a a 
32 a 2 0,0,0,-1,0 3 a a 
32 a 3 0,0,0,-11,-14 3 a a 
32 a 4 0,0,0,-11,14 3 a a 
33 a 1 1,1,0,-11,0 3 0,0 1,0 0,0 
33 a 2 1,1,0,-6,-9 3 0,0 1,0 0,0 
33 a 3 1,1,0,-146,621 3 0,0 1,0 0,0 
33 a 4 1,1,0,44,55 3 0,0 1,0 0,1 
34 a 1 1,0,0,-3,1 5 1,0 0,0 1,0 2,0 
34 a 2 1,0,0,-43,105 5 1,0 0,0 1,0 2,0 
34 a 3 1,0,0,-103,-411 5 1,0 0,0 1,0 2,1 
34 a 4 1,0,0,-113,-329 5 1,0 0,0 1,0 2,1 
35 a 1 0,1,1,9,1 5 0,0 1,0 0,5,0 0,1 
35 a 2 0,1,1,-131,-650 5 0,0 1,0 0,5,0 0,2 
35 a 3 0,1,1,-1,0 5 0,0 1,0 0,5,0 0,0 
36 a 1 0,0,0,0,1 5 a a a a 
36 a 2 0,0,0,-15,22 5 a a a a 
36 a 3 0,0,0,0,-27 5 a a a a 
36 a 4 0,0,0,-135,-594 5 a a a a 
37 a 1 0,0,1,-1,0 0 1,0 2,1,0 1,5,0 1,0 1,0 1,0 3,0 1,3,0 1,1,0 1,0 1,0 
37 b 1 0,1,1,-23,-50 5 1,0 0,5,0 0,1 
37 b 2 0,1,1,-1873,-31833 5 1,0 0,5,0 0,2 
37 b 3 0,1,1,-3,1 5 1,0 0,5,0 0,0 
38 a 1 1,0,1,9,90 5 1,0 1,0 1,0 0,1 
38 a 2 1,0,1,-86,-2456 5 1,0 1,0 1,0 0,2 
38 a 3 1,0,1,-16,22 5 1,0 1,0 1,0 0,0 
38 b 1 1,1,1,0,1 7 1,0 0,0 1,0 0,0 2,0 
38 b 2 1,1,1,-70,-279 7 1,0 0,0 1,0 0,0 2,1 
39 a 1 1,1,0,-4,-5 3 0,0 1,0 0,0 
39 a 2 1,1,0,-69,-252 3 0,0 1,0 0,1 
39 a 3 1,1,0,-19,22 3 0,0 1,0 0,0 
39 a 4 1,1,0,1,0 3 0,0 1,0 0,0 
40 a 1 0,0,0,-7,-6 3 a 5,0 a 
40 a 2 0,0,0,-107,-426 3 a 5,0 a 
40 a 3 0,0,0,-2,1 3 a 5,0 a 
40 a 4 0,0,0,13,-34 3 a 5,0 a 
42 a 1 1,1,1,-4,5 3 1,0 0,0 0,0 1,0 
42 a 2 1,1,1,-84,261 3 1,0 0,0 0,0 1,0 
42 a 3 1,1,1,-104,101 3 1,1 0,0 0,0 1,1 
42 a 4 1,1,1,-1344,18405 3 1,0 0,0 0,0 1,0 
42 a 5 1,1,1,-914,-10915 3 1,2 0,0 0,0 1,2 
42 a 6 1,1,1,386,1277 3 1,2 0,0 0,0 1,2 
43 a 1 0,1,1,0,0 0 1,0 2,1,0 1,0 1,0 1,3,0 1,0 1,0 1,0 1,0 1,0 1,0 
44 a 1 0,1,0,3,-1 5 a 0,0 a 4,0 
44 a 2 0,1,0,-77,-289 5 a 0,0 a 4,1 
45 a 1 1,-1,0,0,-5 3 a 0,0 1,0 
45 a 2 1,-1,0,-45,-104 3 a 0,0 1,0 
45 a 3 1,-1,0,-720,-7259 3 a 0,0 1,1 
45 a 4 1,-1,0,-90,175 3 a 0,0 1,0 
45 a 5 1,-1,0,-1215,16600 3 a 0,0 1,0 
45 a 6 1,-1,0,315,1066 3 a 0,0 1,1 
45 a 7 1,-1,0,-19440,1048135 3 a 0,0 1,0 
45 a 8 1,-1,0,-990,22765 3 a 0,0 1,1 
46 a 1 1,-1,0,-10,-12 3 0,0 1,0 0,0 
46 a 2 1,-1,0,-170,-812 3 0,0 1,0 0,0 
48 a 1 0,1,0,-4,-4 3 a 1,0 a 
48 a 2 0,1,0,-64,-220 3 a 1,0 a 
48 a 3 0,1,0,-24,36 3 a 1,0 a 
48 a 4 0,1,0,1,0 3 a 1,0 a 
48 a 5 0,1,0,-384,2772 3 a 1,0 a 
48 a 6 0,1,0,16,180 3 a 1,0 a 
49 a 1 1,-1,0,-2,-1 11 a 2,0 0,0,0 0,0,0 a 
49 a 2 1,-1,0,-37,-78 11 a 2,0 0,0,0 0,0,0 a 
49 a 3 1,-1,0,-107,552 11 a 2,0 0,0,0 0,0,0 a 
49 a 4 1,-1,0,-1822,30393 11 a 2,0 0,0,0 0,0,0 a 
50 a 1 1,0,1,-1,-2 7 2,0 a 2,0 2,0 a 
50 a 2 1,0,1,-126,-552 7 2,0 a 2,0 2,1 a 
50 a 3 1,0,1,-76,298 7 2,0 a 2,0 2,0 a 
50 a 4 1,0,1,549,-2202 7 2,0 a 2,0 2,1 a 
50 b 1 1,1,1,-3,1 7 2,0 a 2,0 0,0 a 
50 b 2 1,1,1,22,-9 7 2,0 a 2,0 0,1 a 
50 b 3 1,1,1,-13,-219 7 2,0 a 2,0 0,0 a 
50 b 4 1,1,1,-3138,-68969 7 2,0 a 2,0 0,1 a 
51 a 1 0,1,1,1,-1 5 1,0 0,0 0,15,0 1,0 
51 a 2 0,1,1,-59,-196 5 1,1 0,0 0,15,0 1,1 
52 a 1 0,0,0,1,-10 3 a 0,0 a 
52 a 2 0,0,0,-4,-3 3 a 0,0 a 
53 a 1 1,-1,1,0,0 0 1,0 1,0 1,1,0 1,1,0 1,0 1,1,0 1,0 1,0 1,0 1,0 1,0 
54 a 1 1,-1,0,12,8 5 1,0 a 1,0 a 
54 a 2 1,-1,0,-123,-667 5 1,0 a 1,0 a 
54 a 3 1,-1,0,-3,3 5 1,0 a 1,0 a 
54 b 1 1,-1,1,1,-1 5 1,0 a 1,0 a 
54 b 2 1,-1,1,-29,-53 5 1,0 a 1,0 a 
54 b 3 1,-1,1,-14,29 5 1,0 a 1,0 a 
55 a 1 1,-1,0,-4,3 3 1,0 0,0 0,0 
55 a 2 1,-1,0,-29,-52 3 1,0 0,0 0,1 
55 a 3 1,-1,0,-59,190 3 1,0 0,0 0,0 
55 a 4 1,-1,0,1,0 3 1,0 0,0 0,0 
56 a 1 0,0,0,1,2 3 a 0,0 a 
56 a 2 0,0,0,-19,30 3 a 0,0 a 
56 a 3 0,0,0,-59,-138 3 a 0,0 a 
56 a 4 0,0,0,-299,1990 3 a 0,0 a 
56 b 1 0,-1,0,0,-4 3 a 3,0 a 
56 b 2 0,-1,0,-40,-84 3 a 3,0 a 
57 a 1 0,-1,1,-2,2 0 1,0 1,0 1,4,0 1,0 5,0 1,0 1,0 1,0 1,0 1,0 1,0 1,0 
57 b 1 1,0,1,-7,5 3 3,0 0,0 0,0 
57 b 2 1,0,1,-2,-1 3 3,0 0,0 0,0 
57 b 3 1,0,1,-102,385 3 3,0 0,0 0,0 
57 b 4 1,0,1,8,29 3 3,0 0,0 0,1 
57 c 1 0,1,1,20,-32 7 3,0 0,0 1,4,0 3,0 2,0 
57 c 2 0,1,1,-4390,-113432 7 3,0 0,0 1,4,0 3,0 2,1 
58 a 1 1,-1,0,-1,1 0 1,0 1,0 1,0 5,1,0 1,0 1,0 1,0 1,0 1,0 1,0 1,1,0 1,0 
58 b 1 1,1,1,5,9 7 1,0 0,0 1,0 0,0 2,0 
58 b 2 1,1,1,-455,-3951 7 1,0 0,0 1,0 0,0 2,1 
61 a 1 1,0,0,-2,1 0 1,0 1,0 1,0 1,0 1,0 1,0 1,0 1,0 1,0 1,0 1,0 
62 a 1 1,-1,1,-1,1 3 6,0 0,0 6,0 
62 a 2 1,-1,1,-21,41 3 6,0 0,0 6,0 
62 a 3 1,-1,1,-31,5 3 6,1 0,0 6,1 
62 a 4 1,-1,1,-331,2397 3 6,0 0,0 6,0 
63 a 1 1,-1,0,9,0 3 a 0,0 2,0 
63 a 2 1,-1,0,-36,27 3 a 0,0 2,0 
63 a 3 1,-1,0,-351,-2430 3 a 0,0 2,1 
63 a 4 1,-1,0,-441,3672 3 a 0,0 2,0 
63 a 5 1,-1,0,-7056,229905 3 a 0,0 2,0 
63 a 6 1,-1,0,-306,5859 3 a 0,0 2,1 
64 a 1 0,0,0,-4,0 3 a a 
64 a 2 0,0,0,-44,-112 3 a a 
64 a 3 0,0,0,-44,112 3 a a 
64 a 4 0,0,0,1,0 3 a a 
65 a 1 1,0,0,-1,0 0 1,0 1,0 2,0 1,0 1,0 1,0 1,0 1,0 1,0 1,0 1,0 1,0 
65 a 2 1,0,0,4,1 0 1,0 1,0 2,1 1,0 1,0 1,0 1,0 1,0 1,0 1,0 1,0 1,0 
66 a 1 1,0,1,-6,4 5 0,0 3,0 0,0 0,0 3,0 
66 a 2 1,0,1,4,20 5 0,1 3,0 0,0 0,1 3,0 
66 a 3 1,0,1,-81,-284 5 0,0 3,1 0,0 0,0 3,1 
66 a 4 1,0,1,-41,-556 5 0,1 3,1 0,0 0,1 3,1 
66 b 1 1,1,1,-2,-1 3 2,0 0,0 0,0 2,0 
66 b 2 1,1,1,-22,-49 3 2,1 0,0 0,0 2,1 
66 b 3 1,1,1,-352,-2689 3 2,2 0,0 0,0 2,2 
66 b 4 1,1,1,-12,-81 3 2,2 0,0 0,0 2,2 
66 c 1 1,0,0,-45,81 7 1,0 1,0 1,0 1,0 1,0 2,0 
66 c 2 1,0,0,115,561 7 1,1 1,0 1,0 1,1 1,0 2,0 
66 c 3 1,0,0,-10065,-389499 7 1,0 1,0 1,0 1,0 1,0 2,1 
66 c 4 1,0,0,-10055,-390309 7 1,1 1,0 1,0 1,1 1,0 2,1 
67 a 1 0,1,1,-12,-21 0 1,0 0,1,0 2,0 0,0 0,0 0,0 0,0 0,0 0,0 0,0 0,0 
69 a 1 1,0,1,-1,-1 3 1,0 0,0 1,0 
69 a 2 1,0,1,-16,-25 3 1,0 0,0 1,0 
70 a 1 1,-1,1,2,-3 3 1,0 0,0 0,0 1,0 
70 a 2 1,-1,1,-18,-19 3 1,0 0,0 0,0 1,0 
70 a 3 1,-1,1,-268,-1619 3 1,1 0,0 0,0 1,1 
70 a 4 1,-1,1,-88,317 3 1,0 0,0 0,0 1,0 
72 a 1 0,0,0,6,-7 3 a a a 
72 a 2 0,0,0,-39,-70 3 a a a 
72 a 3 0,0,0,-579,-5362 3 a a a 
72 a 4 0,0,0,-219,1190 3 a a a 
72 a 5 0,0,0,-3459,78302 3 a a a 
72 a 6 0,0,0,141,4718 3 a a a 
73 a 1 1,-1,0,4,-3 3 1,0 0,1 
73 a 2 1,-1,0,-1,0 3 1,0 0,0 
75 a 1 0,-1,1,-8,-7 0 0,0 a 0,1,0 0,0 a 0,0 0,0 2,0 0,0 0,0 0,0 0,0 
75 a 2 0,-1,1,42,443 0 0,0 a 0,1,0 0,0 a 0,0 0,0 2,0 0,0 0,0 0,0 0,0 
75 b 1 1,0,1,-1,23 3 1,0 a 1,0 
75 b 2 1,0,1,-126,523 3 1,0 a 1,0 
75 b 3 1,0,1,-251,-727 3 1,0 a 1,1 
75 b 4 1,0,1,-2001,34273 3 1,0 a 1,0 
75 b 5 1,0,1,-3376,-75727 3 1,0 a 1,2 
75 b 6 1,0,1,874,-5227 3 1,0 a 1,2 
75 b 7 1,0,1,-54001,-4834477 3 1,0 a 1,3 
75 b 8 1,0,1,-2751,-104477 3 1,0 a 1,3 
75 c 1 0,1,1,2,4 7 1,0 a 0,1,0 1,0 a 
75 c 2 0,1,1,-208,-1256 7 1,0 a 0,1,0 1,0 a 
76 a 1 0,-1,0,-21,-31 0 a 0,0 a 0,0 0,0 0,0 0,0 0,0 0,0 0,0 0,0 0,0 
77 a 1 0,0,1,2,0 0 1,0 1,0 2,3,0 1,1,0 5,0 1,0 1,0 1,0 1,0 1,0 1,0 1,0 
77 b 1 0,1,1,-49,600 5 1,0 0,0 2,3,0 0,1 
77 b 2 0,1,1,441,-15815 5 1,0 0,0 2,3,0 0,2 
77 b 3 0,1,1,-89,295 5 1,0 0,0 2,3,0 0,0 
77 c 1 1,1,0,4,11 3 0,0 1,0 1,0 
77 c 2 1,1,0,-51,110 3 0,0 1,0 1,0 
78 a 1 1,1,0,-19,685 3 0,0 0,0 1,0 0,0 
78 a 2 1,1,0,-1299,17325 3 0,0 0,0 1,0 0,0 
78 a 3 1,1,0,-2339,-15747 3 0,1 0,0 1,0 0,1 
78 a 4 1,1,0,-20739,1140957 3 0,0 0,0 1,0 0,0 
79 a 1 1,1,1,-2,0 0 1,0 8,0 1,0 1,0 1,0 1,0 1,0 1,0 1,0 1,0 1,0 
80 a 1 0,0,0,-7,6 3 a 3,0 a 
80 a 2 0,0,0,-2,-1 3 a 3,0 a 
80 a 3 0,0,0,-107,426 3 a 3,0 a 
80 a 4 0,0,0,13,34 3 a 3,0 a 
80 b 1 0,-1,0,4,-4 5 a 0,0 a 0,0 
80 b 2 0,-1,0,-1,0 5 a 0,0 a 0,0 
80 b 3 0,-1,0,-36,140 5 a 0,0 a 0,0 
80 b 4 0,-1,0,-41,116 5 a 0,0 a 0,0 
82 a 1 1,0,1,-2,0 0 2,0 1,0 2,0 1,0 5,0 1,0 1,0 1,0 1,0 1,0 1,0 1,1,0 
82 a 2 1,0,1,-12,-16 0 2,1 1,0 2,1 1,0 5,0 1,0 1,0 1,0 1,0 1,0 1,0 1,1,0 
83 a 1 1,1,1,1,0 0 1,0 1,0 1,0 1,0 1,0 1,0 1,0 1,0 1,0 1,0 1,0 
84 a 1 0,1,0,7,0 5 a 1,0 5,0 a 1,0 
84 a 2 0,1,0,-28,-28 5 a 1,0 5,0 a 1,0 
84 a 3 0,1,0,-113,-516 5 a 1,1 5,0 a 1,1 
84 a 4 0,1,0,-1828,-30700 5 a 1,1 5,0 a 1,1 
84 b 1 0,-1,0,-1,-2 3 a 0,0 0,0 a 
84 b 2 0,-1,0,-36,-72 3 a 0,0 0,0 a 
85 a 1 1,1,0,-8,-13 3 0,0 1,0 1,0 
85 a 2 1,1,0,-3,-22 3 0,0 1,0 1,1 
88 a 1 0,0,0,-4,4 0 a 1,0 a 1,1,0 1,0 1,0 1,0 1,1,0 1,0 1,0 1,0 5,0 
89 a 1 1,1,1,-1,0 0 1,0 2,0 1,0 5,0 1,0 1,0 1,0 1,0 1,0 1,0 1,1,0 
89 b 1 1,1,0,4,5 3 1,0 0,1 
89 b 2 1,1,0,-1,0 3 1,0 0,0 
90 a 1 1,-1,0,6,0 5 1,0 a 1,0 1,0 a 
90 a 2 1,-1,0,-24,18 5 1,0 a 1,0 1,0 a 
90 a 3 1,-1,0,-69,-235 5 1,0 a 1,0 1,0 a 
90 a 4 1,-1,0,-1149,-14707 5 1,0 a 1,0 1,0 a 
90 b 1 1,-1,1,-8,11 5 1,0 a 0,0 1,0 a 
90 b 2 1,-1,1,-128,587 5 1,0 a 0,0 1,0 a 
90 b 3 1,-1,1,52,-53 5 1,0 a 0,0 1,0 a 
90 b 4 1,-1,1,-218,-269 5 1,0 a 0,0 1,0 a 
90 c 1 1,-1,1,13,-61 5 1,0 a 1,0 1,0 a 
90 c 2 1,-1,1,-167,-709 5 1,0 a 1,0 1,0 a 
90 c 3 1,-1,1,-122,1721 5 1,0 a 1,0 1,0 a 
90 c 4 1,-1,1,-2597,-50281 5 1,1 a 1,0 1,1 a 
90 c 5 1,-1,1,-617,5231 5 1,0 a 1,0 1,0 a 
90 c 6 1,-1,1,-3002,63929 5 1,0 a 1,0 1,0 a 
90 c 7 1,-1,1,-4082,14681 5 1,1 a 1,0 1,1 a 
90 c 8 1,-1,1,-48002,4059929 5 1,0 a 1,0 1,0 a 
91 a 1 0,0,1,1,0 0 1,0 1,0 16,1,0 1,7,0 1,0 1,0 1,0 1,0 3,0 1,0 1,0 1,0 
91 b 1 0,1,1,-7,5 0 2,0 2,0 16,1,0 9,0 1,0 2,0 1,1,0 2,0 1,0 1,0 1,0 1,0 
91 b 2 0,1,1,13,42 0 2,0 2,0 16,1,0 9,1 1,0 2,0 1,1,0 2,0 1,0 1,0 1,0 1,0 
91 b 3 0,1,1,-117,-1245 0 2,0 2,0 16,1,0 9,2 1,0 2,0 1,1,0 2,0 1,0 1,0 1,0 1,0 
92 a 1 0,1,0,2,1 5 a 0,0 a 2,0 
92 a 2 0,1,0,-18,-43 5 a 0,0 a 2,1 
92 b 1 0,0,0,-1,1 0 a 2,0 a 1,1,0 1,0 1,0 1,0 1,0 1,0 1,0 2,0 1,0 
94 a 1 1,-1,1,0,-1 3 1,0 0,0 1,0 
94 a 2 1,-1,1,-10,-9 3 1,0 0,0 1,0 
96 a 1 0,1,0,-2,0 3 a 5,0 a 
96 a 2 0,1,0,-17,-33 3 a 5,0 a 
96 a 3 0,1,0,-32,60 3 a 5,0 a 
96 a 4 0,1,0,8,8 3 a 5,0 a 
96 b 1 0,-1,0,-2,0 3 a 0,0 a 
96 b 2 0,-1,0,-32,-60 3 a 0,0 a 
96 b 3 0,-1,0,-17,33 3 a 0,0 a 
96 b 4 0,-1,0,8,-8 3 a 0,0 a 
98 a 1 1,1,0,-25,-111 5 2,0 a 2,0 0,0 
98 a 2 1,1,0,-515,-4717 5 2,0 a 2,0 0,0 
98 a 3 1,1,0,220,2192 5 2,0 a 2,0 0,0 
98 a 4 1,1,0,-1740,22184 5 2,0 a 2,0 0,0 
98 a 5 1,1,0,-8355,291341 5 2,0 a 2,0 0,0 
98 a 6 1,1,0,-133795,18781197 5 2,0 a 2,0 0,0 
99 a 1 1,-1,1,-2,0 0 a 1,0 1,0 a 1,0 1,0 1,0 1,0 1,0 1,0 1,0 1,0 
99 a 2 1,-1,1,-17,30 0 a 1,0 1,0 a 1,0 1,0 1,0 1,0 1,0 1,0 1,0 1,0 
99 b 1 1,-1,1,-59,186 3 a 0,0 3,0 
99 b 2 1,-1,1,-104,-102 3 a 0,0 3,1 
99 b 3 1,-1,1,-1319,-18084 3 a 0,0 3,2 
99 b 4 1,-1,1,391,-1092 3 a 0,0 3,2 
99 c 1 1,-1,0,-15,8 3 a 1,0 1,0 
99 c 2 1,-1,0,-150,-667 3 a 1,0 1,1 
99 d 1 0,0,1,-3,-5 0 a 0,0 0,1,0 a 0,0 0,0 0,0 0,0 0,0 0,0,0 2,0 0,0,0 
99 d 2 0,0,1,-93,625 0 a 0,0 0,1,0 a 0,0 0,0 0,0 0,0 0,0 0,0,0 2,0 0,0,0 
99 d 3 0,0,1,-70383,7187035 0 a 0,0 0,1,0 a 0,0 0,0 0,0 0,0 0,0 0,0,0 2,0 0,0,0 
100 a 1 0,-1,0,-33,62 5 a a a 0,0 
100 a 2 0,-1,0,92,312 5 a a a 0,0 
100 a 3 0,-1,0,-1033,-12438 5 a a a 0,1 
100 a 4 0,-1,0,-908,-15688 5 a a a 0,1 
101 a 1 0,1,1,-1,-1 0 1,0 4,1,0 1,0 1,0 1,0 1,0 1,0 1,0 1,0 1,0 1,0 
102 a 1 1,1,0,-2,0 0 1,0 1,0 1,0 1,0 1,0 1,0 1,0 1,1,0 1,0 1,0 1,0 3,0 1,0 
102 a 2 1,1,0,8,10 0 1,1 1,0 1,0 1,1 1,0 1,0 1,0 1,1,0 1,0 1,0 1,0 3,0 1,0 
102 b 1 1,0,0,-34,68 3 1,0 1,0 1,0 1,0 
102 b 2 1,0,0,-114,-396 3 1,1 1,0 1,0 1,1 
102 b 3 1,0,0,-1734,-27936 3 1,2 1,0 1,0 1,2 
102 b 4 1,0,0,226,-2232 3 1,2 1,0 1,0 1,2 
102 b 5 1,0,0,-27744,-1781010 3 1,3 1,0 1,0 1,3 
102 b 6 1,0,0,-1644,-30942 3 1,3 1,0 1,0 1,3 
102 c 1 1,0,1,-256,1550 5 1,0 1,0 0,0 1,0 1,0 
102 c 2 1,0,1,-216,2062 5 1,1 1,0 0,0 1,1 1,0 
102 c 3 1,0,1,-751,-6046 5 1,0 1,1 0,0 1,0 1,1 
102 c 4 1,0,1,1809,-37790 5 1,1 1,1 0,0 1,1 1,1 
104 a 1 0,1,0,-16,-32 0 a 0,0 a 2,0 0,0 0,0 0,0 0,0 0,0 0,0 0,0 0,0 
105 a 1 1,0,1,-3,1 3 3,0 1,0 1,0 0,0 
105 a 2 1,0,1,-8,-7 3 3,0 1,0 1,0 0,1 
105 a 3 1,0,1,-113,-469 3 3,0 1,0 1,0 0,2 
105 a 4 1,0,1,17,-37 3 3,0 1,0 1,0 0,2 
106 a 1 1,0,0,1,1 5 1,0 0,0 1,0 2,0 
106 a 2 1,0,0,-9,-29 5 1,0 0,0 1,0 2,1 
106 b 1 1,1,0,-7,5 0 1,0 1,0 1,0 1,0 1,0 3,1,0 1,0 1,0 3,0 1,0 1,0 1,0 
106 c 1 1,0,0,-283,-2351 5 1,0 0,0 1,0 2,0 
106 c 2 1,0,0,-24603,-1487407 5 1,0 0,0 1,0 2,1 
106 d 1 1,1,0,-27,-67 0 1,0 1,0 1,0 0,0 4,0 0,0 0,0 0,0 0,0 0,0 0,0 0,0 
108 a 1 0,0,0,0,4 5 a a a a 
108 a 2 0,0,0,0,-108 5 a a a a 
109 a 1 1,-1,0,-8,-7 0 1,0 5,0 0,0,0 0,0 0,0 2,0 0,0,0 0,0 0,0 0,0 0,0 
110 a 1 1,1,1,10,-45 7 2,0 1,0 1,0 2,0 0,0 1,0 
110 a 2 1,1,1,-5940,-178685 7 2,0 1,1 1,0 2,0 0,0 1,1 
110 b 1 1,0,0,-1,1 5 2,0 0,0 0,0 2,0 2,0 
110 b 2 1,0,0,9,-25 5 2,0 0,0 0,0 2,0 2,1 
110 c 1 1,0,1,-89,316 5 2,0 0,0 1,0 2,0 2,0 
110 c 2 1,0,1,296,1702 5 2,0 0,0 1,0 2,0 2,1 
112 a 1 0,1,0,0,4 0 a 1,0 a 1,0 1,0 1,0 1,1,0 1,1,0 1,0 1,0 1,0 1,0 
112 a 2 0,1,0,-40,84 0 a 1,0 a 1,0 1,0 1,0 1,1,0 1,1,0 1,0 1,0 1,0 1,0 
112 b 1 0,0,0,1,-2 3 a 1,0 a 
112 b 2 0,0,0,-19,-30 3 a 1,0 a 
112 b 3 0,0,0,-299,-1990 3 a 1,0 a 
112 b 4 0,0,0,-59,138 3 a 1,0 a 
112 c 1 0,-1,0,-8,-16 5 a 0,0 a 0,0 
112 c 2 0,-1,0,-168,-784 5 a 0,0 a 0,0 
112 c 3 0,-1,0,72,368 5 a 0,0 a 0,0 
112 c 4 0,-1,0,-568,4464 5 a 0,0 a 0,0 
112 c 5 0,-1,0,-2728,55920 5 a 0,0 a 0,0 
112 c 6 0,-1,0,-43688,3529328 5 a 0,0 a 0,0 
113 a 1 1,1,1,3,-4 3 1,0 2,1 
113 a 2 1,1,1,-2,-2 3 1,0 2,0 
114 a 1 1,0,0,-8,0 5 1,0 1,0 1,0 1,0 1,0 
114 a 2 1,0,0,32,8 5 1,1 1,0 1,0 1,1 1,0 
114 a 3 1,0,0,-428,-3444 5 1,0 1,1 1,0 1,0 1,1 
114 a 4 1,0,0,-418,-3610 5 1,1 1,1 1,0 1,1 1,1 
114 b 1 1,1,0,-95,-399 3 0,0 0,0 1,0 0,0 
114 b 2 1,1,0,-85,-473 3 0,1 0,0 1,0 0,1 
114 c 1 1,1,1,-352,-2431 7 4,0 0,0 0,0 4,0 0,0 6,0 
114 c 2 1,1,1,-5472,-158079 7 4,1 0,0 0,0 4,1 0,0 6,0 
114 c 3 1,1,1,-87552,-10007679 7 4,2 0,0 0,0 4,2 0,0 6,0 
114 c 4 1,1,1,-5312,-167551 7 4,2 0,0 0,0 4,2 0,0 6,0 
115 a 1 0,0,1,7,-11 0 0,0 1,0 0,1,0 0,0,0 0,0 2,0 0,0 0,0 0,0 0,0 1,0 0,0 
116 a 1 0,0,0,-4831,-129242 0 a 0,0 a 6,2,0 0,0 0,0 0,0 0,0 0,0 0,0 0,0 0,0 
116 b 1 0,1,0,-4,4 5 a 0,0 a 2,0 
116 b 2 0,1,0,36,-76 5 a 0,0 a 2,1 
116 c 1 0,-1,0,-4,24 3 a 0,0 a 
116 c 2 0,-1,0,-9,14 3 a 0,0 a 
117 a 1 1,-1,1,4,6 0 a 2,0 1,0 a 1,0 1,0 3,0 2,0 1,0 1,1,0 1,1,0 1,0 
117 a 2 1,-1,1,-41,96 0 a 2,0 1,0 a 1,0 1,0 3,0 2,0 1,0 1,1,0 1,1,0 1,0 
117 a 3 1,-1,1,-176,-768 0 a 2,0 1,1 a 1,0 1,0 3,0 2,0 1,0 1,1,0 1,1,0 1,0 
117 a 4 1,-1,1,-626,6180 0 a 2,0 1,0 a 1,0 1,0 3,0 2,0 1,0 1,1,0 1,1,0 1,0 
118 a 1 1,1,0,1,1 0 1,0 1,0 1,0 1,0 1,0 1,0 1,0 1,0 1,0 1,0 1,1,0 1,0 
118 b 1 1,1,1,-25,39 7 1,0 0,0 1,0 0,0 2,0 
118 b 2 1,1,1,115,-2481 7 1,0 0,0 1,0 0,0 2,1 
118 c 1 1,1,1,-4,-5 0 1,0 0,0 1,0 0,0 0,0 0,0 0,0 0,0 0,0 0,0 0,0 0,0 
118 d 1 1,1,0,56,-192 0 1,0 1,0 1,0 0,0 0,0 0,0 2,0 0,0 0,0 0,0 0,0 0,0 
120 a 1 0,1,0,-15,18 3 a 3,0 1,0 a 
120 a 2 0,1,0,-20,0 3 a 3,0 1,0 a 
120 a 3 0,1,0,-200,-1152 3 a 3,0 1,0 a 
120 a 4 0,1,0,80,80 3 a 3,0 1,0 a 
120 a 5 0,1,0,-3200,-70752 3 a 3,0 1,0 a 
120 a 6 0,1,0,-80,-2400 3 a 3,0 1,0 a 
120 b 1 0,1,0,4,0 3 a 1,0 0,0 a 
120 b 2 0,1,0,-16,-16 3 a 1,0 0,0 a 
120 b 3 0,1,0,-216,-1296 3 a 1,0 0,0 a 
120 b 4 0,1,0,-136,560 3 a 1,0 0,0 a 
121 a 1 1,1,1,-30,-76 0 a 2,0 0,0 6,0 0,0 a 0,0 0,0 0,0 0,0 0,0 
121 a 2 1,1,1,-305,7888 0 a 2,0 0,0 6,0 0,0 a 0,0 0,0 0,0 0,0 0,0 
121 b 1 0,-1,1,-7,10 0 a s? 1,0 1,0 1,1,0 a 1,1,0 1,1,0 1,1,0 1,0 1,1,0 
121 b 2 0,-1,1,-887,-10143 0 a s? 1,0 1,0 1,1,0 a 1,1,0 1,1,0 1,1,0 1,0 1,1,0 
121 c 1 1,1,0,-2,-7 0 a 2,0 0,0 2,0 0,0 a 2,0 0,0 0,0 0,0 0,0 
121 c 2 1,1,0,-3632,82757 0 a 2,0 0,0 2,0 0,0 a 2,0 0,0 0,0 0,0 0,0 
121 d 1 0,-1,1,-40,-221 0 a 1,2,0 0,0 4,0 0,0 a 0,0 0,0 0,0,0 0,0 0,0,0 
121 d 2 0,-1,1,-1250,31239 0 a 1,2,0 0,0 4,0 0,0 a 0,0 0,0 0,0,0 0,0 0,0,0 
121 d 3 0,-1,1,-946260,354609639 0 a 1,2,0 0,0 4,0 0,0 a 0,0 0,0 0,0,0 0,0 0,0,0 
122 a 1 1,0,1,2,0 0 1,0 1,0 1,0 1,0 1,0 1,0 1,0 1,0 1,1,0 1,1,0 1,0 1,0 
123 a 1 0,1,1,-10,10 0 2,0 2,0 4,1,0 2,0 1,0 3,0 1,0 1,0 1,0 1,1,0 1,0 1,0 
123 a 2 0,1,1,20,-890 0 2,0 2,0 4,1,0 2,0 1,1 3,0 1,0 1,0 1,0 1,1,0 1,0 1,0 
123 b 1 0,-1,1,1,-1 0 1,0 1,0 4,1,0 1,0 1,0 1,0 1,0 1,0 3,0 1,0 1,0 1,0 
124 a 1 0,1,0,-2,1 0 a 2,0 a 1,0 1,0 1,0 1,0 1,0 1,0 1,0 1,0 1,1,0 
124 a 2 0,1,0,18,-11 0 a 2,0 a 1,1 1,0 1,0 1,0 1,0 1,0 1,0 1,0 1,1,0 
124 b 1 0,0,0,-17,-27 0 a 0,0 a 0,0,0 2,0 0,0 0,0 0,0 0,0,0 0,0 0,0 0,0 
126 a 1 1,-1,1,-5,-7 5 2,0 a 1,0 2,0 a 
126 a 2 1,-1,1,-95,-331 5 2,0 a 1,0 2,0 a 
126 a 3 1,-1,1,40,155 5 2,0 a 1,0 2,0 a 
126 a 4 1,-1,1,-320,1883 5 2,0 a 1,0 2,0 a 
126 a 5 1,-1,1,-1535,23591 5 2,0 a 1,0 2,0 a 
126 a 6 1,-1,1,-24575,1488935 5 2,0 a 1,0 2,0 a 
126 b 1 1,-1,0,-36,-176 3 2,0 a 0,0 2,0 
126 b 2 1,-1,0,-756,-7808 3 2,0 a 0,0 2,0 
126 b 3 1,-1,0,-12096,-509036 3 2,1 a 0,0 2,1 
126 b 4 1,-1,0,-936,-3668 3 2,0 a 0,0 2,0 
126 b 5 1,-1,0,-8226,286474 3 2,0 a 0,0 2,0 
126 b 6 1,-1,0,3474,-31010 3 2,1 a 0,0 2,1 
128 a 1 0,1,0,1,1 0 a a 1,0 1,0 1,0 1,0 3,0 1,0 1,0 1,0 1,0 
128 a 2 0,1,0,-9,7 0 a a 1,0 1,0 1,0 1,0 3,0 1,0 1,0 1,0 1,0 
128 b 1 0,1,0,3,-5 3 a a 
128 b 2 0,1,0,-2,-2 3 a a 
128 c 1 0,-1,0,1,-1 3 a a 
128 c 2 0,-1,0,-9,-7 3 a a 
128 d 1 0,-1,0,3,5 3 a a 
128 d 2 0,-1,0,-2,2 3 a a 
129 a 1 0,-1,1,-19,39 0 1,0 1,0 3,2,0 1,0 1,0 1,0 1,0 1,0 1,0 1,0 1,0 1,1,0 
129 b 1 1,0,1,-30,-29 5 1,0 0,0 0,0 1,0 
129 b 2 1,0,1,-25,-49 5 1,0 0,0 0,0 1,0 
129 b 3 1,0,1,-245,1433 5 1,0 0,0 0,0 1,0 
129 b 4 1,0,1,105,-191 5 1,0 0,0 0,1 1,0 
130 a 1 1,0,1,-33,68 0 2,0 2,0 2,0 2,0 1,0 2,0 1,0 1,0 2,0 1,0 1,0 1,0 1,0 
130 a 2 1,0,1,-13,156 0 2,1 2,0 2,0 2,1 1,0 2,0 1,0 1,0 2,0 1,0 1,0 1,0 1,0 
130 a 3 1,0,1,-208,-1122 0 2,0 2,0 2,0 2,0 1,1 2,0 1,0 1,0 2,0 1,0 1,0 1,0 1,0 
130 a 4 1,0,1,112,-4194 0 2,1 2,0 2,0 2,1 1,1 2,0 1,0 1,0 2,0 1,0 1,0 1,0 1,0 
130 b 1 1,-1,1,-7,-1 3 1,0 1,0 1,0 1,0 
130 b 2 1,-1,1,-87,-289 3 1,1 1,0 1,0 1,1 
130 b 3 1,-1,1,-1387,-19529 3 1,2 1,0 1,0 1,2 
130 b 4 1,-1,1,-67,-441 3 1,2 1,0 1,0 1,2 
130 c 1 1,1,1,-841,-9737 3 2,0 0,0 0,0 2,0 
130 c 2 1,1,1,-761,-11561 3 2,1 0,0 0,0 2,1 
